28.5592 77.2696
28.5819 77.3249
28.6042 77.3233
28.5855 77.3494
28.5819 77.3529
28.5676 77.3238
28.5816 77.3241
28.5815 77.3242
28.5723 77.3219
28.5712 77.3234
28.5717 77.3232
28.5765 77.3351
28.5764 77.3351
28.5726 77.3548
28.5761 77.3037
28.5614 77.2809
28.5591 77.3376
28.5614 77.2698
28.5704 77.3328
28.5846 77.3079
28.5559 77.342
28.5538 77.3506
28.5639 77.3344
28.5637 77.2891
28.5671 77.2698
28.5875 77.3127
28.5967 77.316
28.5979 77.2986
28.5941 77.299
28.5941 77.2956
28.5984 77.2945
28.5948 77.2967
28.5954 77.2949
28.598 77.2934
28.5973 77.2943
28.599 77.2934
28.5976 77.2974
28.5951 77.298
28.597 77.296
28.597 77.2974
28.5954 77.2986
28.5962 77.2945
28.596 77.298
28.5969 77.2956
28.5973 77.2967
28.5946 77.2955
28.5727 77.3383
28.5724 77.341
28.5729 77.3403
28.5723 77.3409
28.5684 77.3226
28.58 77.3153
28.5797 77.3156
28.58 77.3152
28.589 77.3015
28.5684 77.2755
28.5712 77.3333
28.5712 77.3333
28.5712 77.3333
28.5657 77.3358
28.566 77.3356
28.566 77.3356
28.5976 77.3355
28.5967 77.3376
28.5662 77.2747
28.5713 77.3241
28.5996 77.3151
28.5999 77.3177
28.5998 77.3175
28.5826 77.308
28.5614 77.2785
28.5613 77.2797
28.5598 77.2796
28.5826 77.3162
28.5725 77.2739
28.5577 77.275
28.5576 77.2873
28.5566 77.2832
28.5597 77.275
28.5613 77.2919
28.5639 77.3338
28.5557 77.2784
28.5548 77.2765
28.5772 77.3433
28.5598 77.3707
28.5613 77.3784
28.5503 77.3672
28.5516 77.3714
28.5509 77.37
28.563 77.2864
28.5561 77.3698
28.5486 77.3704
28.5574 77.3785
28.5794 77.3663
28.5794 77.3046
28.5802 77.3636
28.3573 76.9009
28.3954 76.982
28.3819 76.9673
28.3927 76.9783
28.4098 76.9929
28.4192 76.9973
28.4013 76.9886
28.3752 76.9543
28.4019 76.9839
28.4058 76.905
28.3936 76.9095
28.3888 76.919
28.3932 77.01
28.3838 77.0044
28.3782 77.0208
28.3676 76.9423
28.3564 76.9372
28.3426 76.9378
28.3762 76.9568
28.3702 76.9611
28.3725 76.9703
28.3859 76.9639
28.3874 76.9476
28.3922 76.9292
28.4037 76.9531
28.407 76.9366
28.4184 76.9458
28.4149 76.9115
28.3981 76.9411
28.4008 76.9211
28.381 76.9513
28.3981 76.9733
28.3931 76.9589
28.3832 76.9826
28.4005 76.9945
28.4065 77.0233
28.391 76.99
28.3947 77.0223
28.4062 76.9963
28.4088 77.0162
28.411 77.0101
28.3847 77.022
28.4146 77.0019
28.4193 76.9889
28.3964 77.0066
28.3672 76.9207
28.3749 76.9078
28.3736 76.8922
28.3769 77.2044
28.3302 77.3165
28.4028 77.3086
28.386 77.3051
28.431 77.2964
28.4112 77.2365
28.416 77.3106
28.3209 77.2981
28.3155 77.3011
28.4101 77.2782
28.3937 77.2611
28.3792 77.2445
28.3814 77.2677
28.3262 77.239
28.3416 77.2477
28.3253 77.2563
28.3748 77.2164
28.3522 77.2409
28.3433 77.2682
28.3098 77.2361
28.3157 77.2658
28.3049 77.254
28.301 77.3229
28.3028 77.335
28.3202 77.35
28.303 77.3883
28.3031 77.2863
28.3199 77.2797
28.4115 77.3074
28.3623 77.2202
28.3677 77.3174
28.3675 77.3166
28.4235 77.2867
28.3959 77.2901
28.4419 77.3023
28.4153 77.3025
28.42 77.314
28.4235 77.324
28.4144 77.3152
28.3966 77.3165
28.3857 77.3133
28.3595 77.3334
28.3405 77.3124
28.334 77.3107
28.3661 77.3066
28.3772 77.3096
28.378 77.3069
28.3864 77.3106
28.3795 77.3112
28.413 77.3088
28.4584 77.3162
28.4691 77.3007
28.309 77.3024
28.3998 77.3056
28.4284 77.3066
28.41 77.3156
28.4357 77.3208
28.4324 77.2275
28.478 77.3049
28.3975 77.3124
28.4227 77.3104
28.4486 77.3081
28.4578 77.3074
28.4108 77.3114
28.4382 77.3091
28.3702 77.3149
28.3838 77.2817
28.3858 77.3135
28.4666 77.287
28.455 77.3156
28.4556 77.3187
28.4552 77.3158
28.4453 77.3157
28.4447 77.3186
28.3434 77.4094
28.3648 77.4191
28.3721 77.4034
28.3709 77.3633
28.3484 77.4195
28.3601 77.3559
28.3379 77.3579
28.3425 77.3768
28.3583 77.3715
28.3712 77.3851
28.3509 77.3965
28.4137 77.3264
28.3767 77.3322
28.4277 77.3096
28.414 77.3139
28.4088 77.3137
28.4088 77.3137
28.4501 77.2833
28.3547 77.3162
28.448 76.8229
28.4679 76.8917
28.468 76.892
28.4617 76.8701
28.4606 76.8688
28.4674 76.8254
28.7992 77.691
28.7715 77.5131
28.7596 77.5075
28.7519 77.6219
28.7539 77.61
28.7584 77.5975
28.7446 77.6092
28.7435 77.6032
28.7486 77.5884
28.7661 77.5793
28.7852 77.5863
28.7502 77.7104
28.7502 77.695
28.7618 77.6898
28.768 77.6891
28.7711 77.6764
28.7761 77.6755
28.7838 77.6809
28.7912 77.6652
28.7617 77.6674
28.7836 77.65
28.8054 77.643
28.8104 77.5991
28.8131 77.5847
28.8133 77.5483
28.8126 77.5533
28.8121 77.5482
28.8085 77.551
28.7984 77.5506
28.7821 77.5617
28.7684 77.5408
28.7683 77.5509
28.7847 77.5294
28.7825 77.5229
28.7841 77.5019
28.7801 77.4979
28.7975 77.5198
28.8011 77.5047
28.7649 77.5012
28.7688 77.5039
28.7755 77.505
28.7679 77.4954
28.7629 77.5057
28.7559 77.5005
28.7531 77.4905
28.7621 77.4834
28.7525 77.4778
28.7426 77.4782
28.741 77.5001
28.7451 77.5122
28.7515 77.4558
28.6766 77.1587
28.6827 77.1578
28.6798 77.0927
28.6696 77.096
28.674 77.1038
28.6764 77.1194
28.675 77.1305
28.6774 77.1123
28.6786 77.1022
28.673 77.1461
28.6721 77.1184
28.6805 77.1276
28.6716 77.1553
28.6713 77.1342
28.6708 77.134
28.6704 77.1332
28.6705 77.1329
28.6739 77.1346
28.6741 77.1341
28.675 77.1305
28.6707 77.1341
28.6708 77.1341
28.6701 77.1334
28.6699 77.1326
28.6721 77.1337
28.6706 77.1338
28.6691 77.135
28.6705 77.1327
28.6706 77.1339
28.6706 77.134
28.6702 77.1337
28.6705 77.1344
28.67 77.134
28.67 77.1338
28.6701 77.1331
28.6702 77.13
28.6705 77.1288
28.6668 77.1228
28.6668 77.1232
28.6669 77.1221
28.6663 77.1241
28.6665 77.1221
28.6672 77.1252
28.6664 77.1271
28.6664 77.1266
28.6677 77.1393
28.6702 77.1412
28.6696 77.1427
28.674 77.1271
28.6747 77.13
28.6722 77.1313
28.6741 77.1323
28.6721 77.1386
28.6701 77.1361
28.6677 77.1346
28.671 77.1506
28.6692 77.1498
28.6724 77.1529
28.6725 77.1525
28.67 77.1421
28.6637 77.1429
28.6647 77.1469
28.6662 77.1409
28.6662 77.1509
28.6703 77.1421
28.6721 77.1444
28.6708 77.148
28.6704 77.1527
28.6689 77.1325
28.6732 77.1315
28.6747 77.1251
28.6755 77.1207
28.6753 77.1227
28.6834 77.1359
28.6715 77.1526
28.6732 77.1163
28.6761 77.1551
28.6776 77.156
28.6772 77.1573
28.6786 77.1568
28.6783 77.1561
28.672 77.157
28.6728 77.1392
28.6738 77.1403
28.6725 77.1548
28.6728 77.1547
28.6694 77.128
28.6652 77.087
28.6835 77.1366
28.6841 77.1359
28.6836 77.1338
28.9606 77.0932
28.9036 77.059
28.8464 77.0854
28.7465 77.1374
28.8015 77.1023
28.7696 77.1158
28.7773 77.1421
28.7817 77.1411
28.7943 77.1391
28.7963 77.139
28.8311 77.1304
28.8559 77.1257
28.8569 77.1243
28.8602 77.1244
28.8639 77.1234
28.8745 77.1212
28.9565 77.0938
28.8026 77.1444
28.7983 77.1442
28.795 77.1444
28.7892 77.1419
28.7787 77.1429
28.9574 77.2723
28.8718 77.2892
28.783 77.2681
28.7632 77.2805
28.7496 77.1167
28.8739 77.132
28.844 77.09
28.8426 77.0918
28.9033 77.1546
28.9001 77.1331
28.8687 77.144
28.9309 77.1276
28.9077 77.1799
28.9434 77.2193
28.796 77.1361
28.8436 77.1234
28.7613 77.0619
28.7855 77.094
28.7748 77.1163
28.7764 77.0971
28.8512 77.1302
28.8244 77.1336
28.8288 77.1478
28.7814 77.1374
28.7927 77.155
28.7921 77.1622
28.7505 77.0801
28.8126 77.1404
28.7475 77.1124
28.7721 77.1466
28.7581 77.1298
28.7467 77.1438
28.7534 77.143
28.8299 77.2007
28.8387 77.1691
28.7996 77.1812
28.824 77.1869
28.8429 77.1855
28.8365 77.1844
28.774 77.162
28.8056 77.184
28.8235 77.1731
28.7757 77.1766
28.8656 77.284
28.7936 77.1404
28.7943 77.1409
28.7945 77.1407
28.7854 77.0939
28.9311 77.2775
28.842 77.2943
28.8127 77.3005
28.9047 77.2827
28.8665 77.2812
28.8639 77.2854
28.864 77.2849
28.9354 77.1517
28.4656 77.1547
28.4808 77.1257
28.474 77.0475
28.4741 77.0476
28.4731 77.0481
28.4648 77.0746
28.4652 77.0745
28.4624 77.0875
28.4758 77.0449
28.476 77.0451
28.4615 77.0503
28.4628 77.0759
28.4767 77.0634
28.4753 77.0612
28.4742 77.0571
28.4672 77.0818
28.4734 77.0634
28.4827 77.074
28.4735 77.0633
28.4793 77.0703
28.4689 77.0639
28.4685 77.0644
28.4859 77.0726
28.4847 77.0746
28.4829 77.1043
28.481 77.0851
28.4652 77.0545
28.4617 77.0513
28.4616 77.0514
28.4796 77.0799
28.482 77.1023
28.4795 77.0832
28.4794 77.0836
28.4809 77.0849
28.4742 77.0477
28.471 77.0605
28.4651 77.0546
28.4764 77.0629
28.4686 77.0743
28.4715 77.0733
28.4741 77.077
28.4738 77.0472
28.4701 77.0433
28.4758 77.0608
28.468 77.0943
28.4669 77.0671
28.4808 77.0704
28.4619 77.0569
28.4722 77.0859
28.4641 77.0361
28.4634 77.0729
28.4637 77.073
28.4814 77.0774
28.4789 77.0804
28.4796 77.0838
28.4793 77.0829
28.4794 77.0868
28.4809 77.086
28.4676 77.0815
28.4626 77.087
28.4625 77.0869
28.4807 77.0802
28.4829 77.0764
28.4833 77.0787
28.4837 77.08
28.4574 77.1825
28.48 77.0893
28.4787 77.0842
28.4772 77.0833
28.4808 77.0943
28.4719 77.1283
28.4717 77.1286
28.4768 77.1305
28.4575 77.0764
28.4736 77.0787
28.4717 77.1824
28.4901 77.1665
28.4614 77.0782
28.4846 77.1732
28.4809 77.0849
28.4722 77.1047
28.4704 77.0993
28.4765 77.0902
28.465 77.0937
28.4707 77.0817
28.4641 77.0836
28.4647 77.084
28.4817 77.0785
28.478 77.086
28.4768 77.0744
28.4765 77.1325
28.4746 77.0367
28.4611 77.079
28.4774 77.0465
28.4774 77.0465
28.4671 77.0371
28.5607 77.2037
28.5375 77.2021
28.539 77.2019
28.5555 77.2025
28.5488 77.2012
28.5556 77.2021
28.5555 77.2029
28.5552 77.2025
28.5395 77.2011
28.5394 77.1999
28.5399 77.1994
28.54 77.1991
28.5396 77.2
28.5498 77.1992
28.5415 77.2037
28.5613 77.1983
28.5389 77.1986
28.5603 77.2022
28.5526 77.2002
28.5427 77.2004
28.5426 77.1981
28.5437 77.1986
28.5559 77.2023
28.5572 77.2026
28.5566 77.2024
28.5565 77.2024
28.5431 77.1195
28.5006 77.0783
28.4758 77.0932
28.4812 77.0801
28.4794 77.0865
28.4753 77.0931
28.5044 77.0973
28.4723 77.0724
28.4787 77.1209
28.4649 77.079
28.4881 77.0728
28.4623 77.0873
28.4794 77.077
28.5009 77.0911
28.5013 77.0894
28.456 77.0965
28.4981 77.0896
28.4518 77.0752
28.4997 77.0961
28.493 77.0921
28.4939 77.0932
28.454 77.0783
28.4755 77.0931
28.476 77.0931
28.4948 77.1035
28.4951 77.1034
28.478 77.0936
28.5427 77.119
28.4802 77.0803
28.5355 77.0503
28.539 77.1164
28.4639 77.0815
28.4654 77.0826
28.4672 77.0812
28.4676 77.0815
28.4675 77.0825
28.4659 77.0818
28.4628 77.0875
28.4623 77.0878
28.4771 77.074
28.4851 77.081
28.4835 77.0786
28.4778 77.0726
28.4931 77.0882
28.4895 77.0999
28.5193 77.0811
28.4917 77.0881
28.4875 77.0929
28.5156 77.0375
28.5273 77.1005
28.4777 77.0792
28.5244 77.1122
28.4558 77.0961
28.471 77.1005
28.4779 77.1032
28.4741 77.0826
28.4761 77.1023
28.4674 77.0851
28.4638 77.0859
28.4642 77.0767
28.4707 77.0779
28.4658 77.0864
28.4559 77.1085
28.4495 77.0969
28.4487 77.0951
28.4648 77.0377
28.4772 77.0463
28.4773 77.0464
28.4772 77.0515
28.51 77.093
28.509 77.0862
28.5088 77.085
28.4665 77.0993
28.4714 77.094
28.4695 77.0684
28.4775 77.0709
28.5416 77.0601
28.5423 77.0674
28.4621 77.082
28.5115 77.0418
28.5119 77.0392
28.5195 77.0377
28.5188 77.0386
28.5182 77.0388
28.5052 77.0381
28.5052 77.038
28.5214 77.0819
28.5049 77.0529
28.5108 77.0486
28.5158 77.0503
28.4999 77.6408
28.4942 77.3069
28.4949 77.1515
28.4957 77.0861
28.4947 77.0858
28.4944 77.0852
28.4947 77.1507
28.4938 77.1492
28.4947 77.0853
28.4937 77.0968
28.4931 77.1425
28.4987 77.1599
28.4971 77.1813
28.4986 77.16
28.5024 77.2992
28.4932 77.303
28.4941 77.1043
28.4959 77.1606
28.4996 77.0855
28.4996 77.3899
28.5018 77.3754
28.4955 77.4243
28.4974 77.3028
28.5022 77.4772
28.4966 77.1847
28.4981 77.0891
28.4936 77.0936
28.4945 77.1013
28.4961 77.0907
28.4997 77.0938
28.4973 77.0918
28.4931 76.9866
28.4943 77.0081
28.4974 77.0205
28.4998 77.4831
28.4928 77.6243
28.4936 77.1845
28.4955 77.5809
28.4966 77.5961
28.5021 77.063
28.5006 77.1857
28.4943 77.4224
28.4967 77.0274
28.5008 77.0399
28.5009 77.0621
28.5864 77.368
28.5895 77.2193
28.5962 77.2399
28.585 77.2604
28.5917 77.2575
28.5855 77.3093
28.5907 77.319
28.5942 77.339
28.5917 77.3485
28.596 77.2312
28.599 77.2238
28.5983 77.1932
28.5869 77.3666
28.5968 77.2254
28.5966 77.2233
28.5892 77.2257
28.5883 77.2537
28.5906 77.2277
28.587 77.3954
28.5915 77.3257
28.591 77.2183
28.5963 77.2216
28.5983 77.3112
28.592 77.4413
28.5932 77.2164
28.59 77.2158
28.5965 77.1975
28.5971 77.1959
28.5879 77.2519
28.5878 77.2515
28.5909 77.2423
28.5938 77.2202
28.5912 77.2522
28.5888 77.2573
28.5852 77.2451
28.5981 77.2982
28.5974 77.2988
28.5981 77.299
28.5982 77.2946
28.5982 77.2945
28.5981 77.2949
28.598 77.2949
28.5977 77.295
28.5976 77.295
28.5981 77.2947
28.5981 77.2947
28.5981 77.2947
28.5975 77.2951
28.5974 77.2951
28.5975 77.2954
28.5928 77.2478
28.5926 77.2479
28.5941 77.2483
28.5932 77.2507
28.5923 77.2519
28.5919 77.2531
28.5989 77.2419
28.5875 77.3186
28.5889 77.319
28.5885 77.3215
28.5958 77.3475
28.5879 77.3497
28.5983 77.2404
28.5986 77.3155
28.5974 77.3151
28.5929 77.3185
28.5934 77.3328
28.5834 77.5204
28.5898 77.5167
28.5982 77.514
28.6003 77.5086
28.6009 77.5041
28.5998 77.473
28.5974 77.4995
28.5869 77.3731
28.5976 77.3723
28.5991 77.219
28.5929 77.2233
28.7214 77.2895
28.7255 77.1143
28.7208 77.1072
28.7166 77.1704
28.7162 77.1171
28.726 77.1627
28.7152 77.1661
28.7199 77.2482
28.7224 77.1543
28.7238 77.1498
28.7171 77.1571
28.7147 77.1573
28.723 77.1968
28.7223 77.1965
28.7149 77.1154
28.7218 77.1284
28.7217 77.1253
28.7228 77.1253
28.7235 77.1249
28.7146 77.1577
28.7132 77.1466
28.7152 77.0253
28.7224 77.1456
28.7159 77.1255
28.7254 77.1498
28.7232 77.147
28.7129 77.2902
28.7242 77.1821
28.7118 77.2283
28.712 77.228
28.7118 77.2281
28.7121 77.2282
28.7117 77.2155
28.7118 77.2153
28.7202 77.3037
28.718 77.1103
28.7269 77.2627
28.7281 77.2626
28.7199 77.0601
28.7149 77.2161
28.7133 77.2158
28.7139 77.2161
28.7145 77.2165
28.7151 77.2161
28.723 77.1967
28.7259 77.203
28.7141 77.116
28.4166 76.8587
28.4233 76.8871
28.4452 76.9379
28.4377 76.8777
28.3976 76.8745
28.4377 76.9301
28.4093 76.8806
28.4082 76.963
28.422 76.9298
28.422 76.9568
28.4156 76.9313
28.4089 76.9155
28.4333 76.9813
28.429 76.9682
28.4202 76.972
28.4338 76.9539
28.442 76.9538
28.3918 76.8836
28.4794 77.0829
28.4813 77.093
28.4799 77.0895
28.481 77.086
28.4813 77.086
28.4808 77.0859
28.5488 77.1208
28.4839 77.0846
28.4861 77.0842
28.4845 77.0882
28.4805 77.1079
28.4814 77.1034
28.4893 77.0921
28.4938 77.0859
28.4973 77.0865
28.4976 77.0865
28.507 77.0857
28.4942 77.0954
28.4931 77.0934
28.6848 77.2085
28.6667 77.1989
28.6664 77.2074
28.6472 77.1942
28.644 77.1885
28.6443 77.1999
28.6392 77.2086
28.6684 77.2002
28.6628 77.1868
28.6816 77.1984
28.6423 77.2053
28.6407 77.2106
28.6538 77.2056
28.6428 77.1866
28.6853 77.1826
28.6495 77.1915
28.6519 77.1919
28.6438 77.191
28.6398 77.1867
28.6388 77.1838
28.6361 77.1837
28.6406 77.211
28.6632 77.1992
28.6644 77.1837
28.6398 77.2088
28.6429 77.2103
28.6416 77.1849
28.6434 77.1865
28.6347 77.1827
28.635 77.1838
28.6356 77.1856
28.6398 77.1856
28.6403 77.1859
28.6406 77.1855
28.6424 77.1843
28.6428 77.1893
28.6452 77.1834
28.641 77.2104
28.647 77.1846
28.6472 77.1895
28.6395 77.2098
28.6396 77.2092
28.6394 77.2095
28.653 77.189
28.6792 77.197
28.6793 77.1977
28.685 77.2001
28.6797 77.1988
28.6798 77.1949
28.6595 77.205
28.6586 77.2096
28.6676 77.1842
28.6684 77.1865
28.6679 77.1903
28.6664 77.1914
28.6397 77.1834
28.6465 77.1937
28.6851 77.1938
28.6861 77.1969
28.6838 77.1913
28.6823 77.1866
28.6807 77.2039
28.6803 77.2056
28.6791 77.2048
28.635 77.2003
28.6362 77.2008
28.6806 77.1865
28.6796 77.1906
28.684 77.2085
28.6821 77.2095
28.683 77.2078
28.6859 77.2065
28.6714 77.2108
28.6757 77.1976
28.6737 77.2003
28.6442 77.1992
28.6436 77.2004
28.6585 77.2017
28.6439 77.1998
28.6649 77.1967
28.6406 77.2108
28.6406 77.2109
28.6847 77.1897
28.6851 77.1909
28.6381 77.2095
28.647 77.1958
28.6787 77.2073
28.6786 77.2071
28.6785 77.2074
28.641 77.2105
28.6409 77.2104
28.6384 77.2104
28.6825 77.2631
28.6577 77.2449
28.6488 77.2481
28.6584 77.2304
28.6555 77.2361
28.6582 77.2195
28.6574 77.236
28.6567 77.2354
28.6569 77.2359
28.6571 77.2359
28.6568 77.2359
28.6684 77.2505
28.6698 77.2668
28.6576 77.2303
28.658 77.2171
28.6609 77.2277
28.6558 77.2423
28.6564 77.2436
28.662 77.2394
28.6695 77.2322
28.67 77.2321
28.6656 77.2288
28.6598 77.2314
28.6598 77.2116
28.6585 77.2128
28.6476 77.2352
28.6642 77.2237
28.6599 77.2297
28.6684 77.2252
28.6535 77.2345
28.6505 77.2396
28.6627 77.2424
28.6567 77.2323
28.6564 77.2344
28.65 77.2377
28.6563 77.2341
28.6564 77.2314
28.6495 77.2337
28.6562 77.2307
28.6846 77.2559
28.6589 77.2409
28.6565 77.2301
28.6498 77.2335
28.6656 77.2309
28.6552 77.2408
28.6623 77.2342
28.6575 77.2367
28.6507 77.2334
28.6778 77.2185
28.6827 77.2749
28.6665 77.266
28.6659 77.2616
28.6642 77.2598
28.667 77.2683
28.667 77.2609
28.6816 77.2153
28.684 77.2121
28.6738 77.2119
28.6766 77.2128
28.6763 77.2132
28.6763 77.2227
28.6763 77.2227
28.6539 77.2318
28.6658 77.2308
28.6564 77.2315
28.6558 77.219
28.6574 77.2231
28.6588 77.2308
28.6586 77.2311
28.6525 77.2337
28.6564 77.2309
28.6564 77.231
28.6561 77.2329
28.6566 77.2319
28.6565 77.2319
28.6559 77.2352
28.6559 77.2347
28.6562 77.2349
28.6563 77.233
28.6568 77.2319
28.656 77.2322
28.659 77.2277
28.6601 77.2268
28.6604 77.2258
28.6532 77.2254
28.6507 77.2229
28.6499 77.2298
28.6511 77.2357
28.6852 77.2122
28.6851 77.2126
28.6637 77.2653
28.6685 77.2677
28.6626 77.2338
28.6627 77.2339
28.6656 77.2321
28.6554 77.2647
28.6559 77.2306
28.6565 77.2322
28.5396 77.3974
28.5535 77.5555
28.545 77.4002
28.551 77.4103
28.5403 77.4058
28.5438 77.4094
28.5447 77.4019
28.5456 77.4102
28.5425 77.4041
28.5558 77.5068
28.544 77.5019
28.5509 77.5013
28.5396 77.5135
28.5518 77.5188
28.5413 77.5392
28.5452 77.537
28.5439 77.5444
28.5413 77.5528
28.5362 77.2492
28.5335 77.1519
28.5336 77.152
28.5337 77.107
28.5339 77.2124
28.5323 77.218
28.531 77.2173
28.5302 77.2184
28.5301 77.2193
28.5344 77.2302
28.5342 77.2146
28.5362 77.2112
28.5363 77.2113
28.5364 77.2118
28.5349 77.2127
28.5355 77.2109
28.5323 77.2165
28.5346 77.2146
28.5323 77.2154
28.5321 77.2159
28.5325 77.2175
28.5318 77.2176
28.5369 77.2117
28.5368 77.2475
28.5307 77.2458
28.5358 77.208
28.5307 77.2046
28.5345 77.2144
28.5366 77.2122
28.5364 77.2124
28.5369 76.9023
28.5328 77.2171
28.5327 77.0122
28.533 77.2008
28.5354 77.2081
28.5345 77.2143
28.534 77.1507
28.5328 77.2201
28.5326 77.2207
28.5337 77.2443
28.5341 77.2428
28.5336 77.2433
28.5346 77.2436
28.5338 77.2422
28.5305 77.2492
28.5328 77.2433
28.5329 77.2434
28.5332 77.2438
28.5334 77.244
28.5333 77.2417
28.5336 77.2421
28.5345 77.2434
28.5341 77.1522
28.5333 77.152
28.5338 77.1527
28.5331 77.2254
28.5882 77.0791
28.5827 77.1696
28.5863 77.152
28.5837 77.1851
28.5786 77.176
28.583 77.2393
28.5886 77.1691
28.5825 77.186
28.5818 77.1769
28.5846 77.1867
28.5891 77.1819
28.5898 77.18
28.5867 77.1877
28.5866 77.1805
28.5872 77.179
28.5865 77.1825
28.5885 77.1836
28.5864 77.186
28.5858 77.1858
28.5877 77.1819
28.5846 77.1853
28.5888 77.1789
28.5853 77.1806
28.5779 77.1845
28.5797 77.1896
28.5796 77.2134
28.586 77.1712
28.5879 77.169
28.5797 77.161
28.58 77.1613
28.5796 77.2169
28.5812 77.1964
28.5864 77.2324
28.5871 77.2323
28.5879 77.2322
28.5855 77.2325
28.5859 77.2331
28.5876 77.2328
28.5856 77.2311
28.5898 77.227
28.5809 77.239
28.5852 77.1875
28.5889 77.1324
28.5796 76.9454
28.5831 76.9365
28.5899 76.9209
28.5764 77.012
28.5881 76.9782
28.5846 76.9602
28.5857 77.0102
28.5784 77.05
28.5834 77.1384
28.581 77.1398
28.5794 77.1002
28.5867 77.1841
28.5861 77.1893
28.5881 76.9925
28.5883 76.9954
28.5888 77.0026
28.5903 76.9956
28.5895 76.9955
28.5897 76.9915
28.5785 77.1639
28.5771 77.1696
28.586 77.1701
28.5825 77.1359
28.5836 77.1368
28.5772 77.1112
28.5889 77.083
28.5785 77.1757
28.5893 77.1695
28.589 77.0876
28.5864 77.0915
28.5853 77.0852
28.5818 77.0873
28.5795 77.1016
28.5839 77.0914
28.5898 77.1867
28.5894 77.1867
28.5839 77.0437
28.5849 77.0535
28.5778 77.1488
28.5844 77.1916
28.5854 77.1915
28.584 77.1916
28.5845 77.1917
28.5831 77.1896
28.5006 77.2353
28.5735 77.2301
28.4998 77.237
28.54 77.2343
28.5401 77.2344
28.5704 77.2361
28.5411 77.2303
28.5487 77.2366
28.3259 76.7787
28.2674 76.8333
28.2157 76.7947
28.2663 76.8324
28.2669 76.8339
28.2688 76.8328
28.2665 76.8335
28.2039 76.8374
28.2886 76.8602
28.2055 76.7953
28.408 77.1946
28.255 77.2196
28.2995 77.128
28.309 77.168
28.2937 77.1252
28.4207 77.1101
28.3074 77.1206
28.3023 77.1238
28.4065 77.1104
28.4013 77.1506
28.2818 77.2142
28.2411 77.1868
28.2618 77.1998
28.331 77.1888
28.3049 77.2029
28.3412 77.1957
28.3156 77.1767
28.3211 77.1801
28.2681 77.1677
28.2899 77.1683
28.2826 77.1618
28.2745 77.1531
28.262 77.1685
28.2977 77.1716
28.3787 77.1752
28.3333 77.1676
28.4357 77.1759
28.4357 77.1117
28.4326 77.1523
28.4326 77.153
28.403 77.1067
28.416 77.1086
28.3778 77.1196
28.3743 77.122
28.6768 77.354
28.6596 77.3551
28.6553 77.3473
28.6589 77.3539
28.6453 77.3243
28.6757 77.3124
28.6758 77.3215
28.6734 77.3182
28.6439 77.3397
28.6423 77.3226
28.649 77.3152
28.6422 77.3271
28.645 77.3263
28.6451 77.3288
28.6435 77.3228
28.6409 77.3204
28.6409 77.3205
28.6409 77.3206
28.6427 77.3192
28.6413 77.3279
28.6446 77.3351
28.6533 77.3428
28.6541 77.3438
28.6591 77.34
28.6676 77.3258
28.6675 77.3255
28.6644 77.323
28.6655 77.3277
28.6642 77.323
28.6632 77.3273
28.6707 77.332
28.6497 77.3396
28.6628 77.3311
28.6411 77.3173
28.6463 77.3203
28.655 77.3452
28.645 77.3327
28.6447 77.3354
28.6464 77.3197
28.6427 77.341
28.643 77.3407
28.6445 77.3349
28.6534 77.3431
28.6531 77.3424
28.6532 77.3422
28.6533 77.3424
28.6529 77.3422
28.6807 77.3221
28.6845 77.3514
28.6771 77.3257
28.6778 77.3175
28.6782 77.3356
28.6778 77.3395
28.6775 77.3322
28.6344 77.3421
28.6101 77.1916
28.6139 77.216
28.6017 77.2288
28.6125 77.2374
28.6053 77.2453
28.6174 77.2499
28.6186 77.2493
28.6201 77.2488
28.6178 77.2795
28.6023 77.2291
28.6093 77.2436
28.6016 77.2421
28.6143 77.2018
28.6187 77.2184
28.6193 77.2104
28.6172 77.2035
28.6153 77.2173
28.6162 77.21
28.6027 77.1989
28.6009 77.1941
28.6005 77.1953
28.6028 77.196
28.6037 77.1982
28.6021 77.195
28.6031 77.1924
28.6175 77.2285
28.6145 77.2445
28.6166 77.2427
28.6173 77.2406
28.6197 77.2406
28.6183 77.2406
28.6154 77.2861
28.6159 77.2123
28.6169 77.226
28.6157 77.2474
28.617 77.2267
28.6198 77.2835
28.6133 77.2422
28.6146 77.2403
28.6088 77.2422
28.6046 77.2282
28.6069 77.2454
28.6084 77.2414
28.6184 77.284
28.6128 77.2869
28.6138 77.2849
28.6129 77.2295
28.6129 77.2294
28.6169 77.2258
28.6084 77.2388
28.6056 77.2391
28.6055 77.2379
28.6043 77.2375
28.6036 77.2385
28.6022 77.2378
28.6021 77.2371
28.602 77.2386
28.6046 77.2375
28.6038 77.2394
28.6018 77.2414
28.6017 77.2414
28.6013 77.2409
28.6026 77.241
28.6021 77.2414
28.6069 77.2405
28.6021 77.23
28.613 77.2445
28.602 77.2292
28.6068 77.2294
28.6092 77.2341
28.5525 76.9077
28.6001 76.9159
28.5951 76.9155
28.5954 76.9154
28.6001 76.9155
28.6004 76.916
28.5707 76.9073
28.5703 76.9074
28.5788 76.9099
28.5959 76.9152
28.5484 76.8988
28.5705 76.9037
28.5511 76.8999
28.5528 76.9075
28.5525 76.9026
28.5519 76.9103
28.5704 76.9043
28.5707 76.9075
28.5734 76.9082
28.5727 76.8101
28.56 76.829
28.549 76.8306
28.5602 76.8655
28.5772 76.8627
28.6028 76.8443
28.5562 76.8664
28.5764 76.865
28.5779 76.8825
28.5509 76.9007
28.5526 76.9106
28.5418 76.8868
28.57 76.9093
28.596 76.877
28.581 76.9073
28.5415 76.8566
28.6382 76.914
28.6352 77.0321
28.634 77.0397
28.6361 77.0652
28.638 77.0663
28.6348 77.0611
28.6533 76.9526
28.6406 76.9827
28.6403 77.0133
28.6323 76.9332
28.6471 77.0286
28.6338 77.0573
28.6334 77.0561
28.6332 77.056
28.6502 77.0553
28.9453 77.0385
28.8697 77.1198
28.8754 77.1203
28.8901 77.116
28.9222 77.1037
28.9406 77.0962
28.8059 77.047
28.7984 77.0353
28.798 77.0354
28.8007 77.0354
28.8055 77.0256
28.7989 77.0353
28.8013 77.0374
28.7947 77.0373
28.8018 77.0356
28.8 77.0356
28.79 77.0534
28.9125 77.1181
28.9022 77.113
28.8027 76.975
28.801 76.9598
28.8181 76.9725
28.7879 76.9739
28.8203 76.9956
28.8138 77.0095
28.8341 77.0083
28.8309 77.0489
28.7997 77.0329
28.8145 77.0736
28.8074 77.0607
28.8357 77.1184
28.807 77.0968
28.7973 77.0952
28.8197 77.1064
28.8528 77.0767
28.8512 77.0645
28.8051 76.9993
28.9632 77.0067
28.8777 76.9118
28.9281 77.0183
28.918 77.0105
28.9095 77.0099
28.9475 77.0082
28.9431 77.0207
28.9149 77.038
28.9355 77.0215
28.9358 76.8448
28.899 76.8161
28.8933 76.7812
28.9195 76.8968
28.9033 76.8509
28.9372 76.885
28.8033 77.0513
28.5995 77.2264
28.6048 77.2235
28.6006 77.2165
28.6259 77.22
28.625 77.2198
28.6219 77.2197
28.623 77.2141
28.6298 77.225
28.6314 77.2198
28.6351 77.2197
28.6351 77.2201
28.6347 77.2201
28.6345 77.2175
28.6349 77.2222
28.6265 77.2197
28.6242 77.219
28.6352 77.2197
28.634 77.2194
28.6336 77.2208
28.633 77.2212
28.6316 77.2203
28.6316 77.2193
28.6337 77.2188
28.6324 77.2184
28.6328 77.2183
28.6277 77.2198
28.6338 77.2172
28.6018 77.2143
28.6232 77.2163
28.6334 77.2262
28.624 77.2193
28.6349 77.2195
28.6333 77.2239
28.6268 77.2164
28.6263 77.2164
28.6268 77.2166
28.6248 77.2164
28.6265 77.2165
28.627 77.2167
28.6324 77.2173
28.6287 77.2196
28.6331 77.218
28.6277 77.2193
28.6313 77.2154
28.6322 77.2179
28.6002 77.2273
28.6325 77.2178
28.6309 77.216
28.6311 77.221
28.6354 77.2201
28.6338 77.2177
28.6337 77.2231
28.6312 77.2149
28.631 77.2198
28.6024 77.2294
28.632 77.2218
28.6321 77.2226
28.6322 77.2223
28.6313 77.221
28.6301 77.2197
28.6001 77.222
28.6339 77.2218
28.6314 77.2204
28.6336 77.2211
28.6352 77.2201
28.5996 77.2263
28.6302 77.2203
28.6301 77.2201
28.627 77.2203
28.6336 77.2212
28.6336 77.2213
28.6303 77.2207
28.6316 77.2216
28.6345 77.2201
28.6439 77.317
28.6346 77.3155
28.6412 77.3168
28.6414 77.3168
28.641 77.3169
28.6468 77.316
28.6484 77.3055
28.6414 77.2953
28.6365 77.2868
28.6306 77.2776
28.6331 77.3089
28.663 77.2859
28.6603 77.2813
28.6634 77.2842
28.663 77.2838
28.661 77.2788
28.6654 77.2842
28.6614 77.28
28.6667 77.2864
28.6361 77.3013
28.6356 77.3003
28.6373 77.3027
28.657 77.2947
28.6467 77.3154
28.6493 77.3061
28.6578 77.2902
28.6647 77.2849
28.6406 77.2918
28.644 77.2783
28.6453 77.2788
28.6411 77.3125
28.6521 77.3014
28.6341 77.2791
28.6334 77.281
28.6365 77.2823
28.637 77.2851
28.6606 77.2801
28.636 77.3105
28.6846 77.4195
28.6785 77.382
28.6741 77.3645
28.6769 77.3786
28.6772 77.3787
28.6723 77.37
28.6828 77.3707
28.6786 77.3713
28.6795 77.3708
28.686 77.3708
28.6854 77.371
28.6788 77.3814
28.6771 77.3696
28.6743 77.3649
28.6781 77.3593
28.6815 77.3716
28.679 77.3735
28.6806 77.3592
28.6778 77.3579
28.6767 77.4097
28.6737 77.4104
28.4475 77.0379
28.4482 77.0383
28.4558 77.0384
28.4561 77.0382
28.5116 77.0365
28.5865 77.0495
28.5811 77.0575
28.5743 77.0654
28.5656 77.0671
28.552 77.0585
28.4529 77.0503
28.4546 77.0432
28.453 77.0436
28.457 77.0635
28.4531 77.0504
28.4498 77.0443
28.452 77.044
28.448 77.0444
28.5158 77.0453
28.45 77.0577
28.4539 77.0627
28.4542 77.0666
28.4569 77.0634
28.4566 77.0632
28.5716 77.0529
28.5765 77.0571
28.5845 77.0466
28.5379 77.0736
28.5317 77.0604
28.6823 77.0439
28.6824 77.0647
28.6818 77.074
28.6824 77.0306
28.6822 77.0562
28.5518 77.0586
28.557 77.0721
28.5909 77.0581
28.5889 77.0622
28.5892 77.0563
28.5903 77.059
28.5898 77.0566
28.5862 77.0571
28.5866 77.0574
28.5814 77.0536
28.5844 77.0582
28.5818 77.0701
28.5941 77.0737
28.5878 77.0666
28.606 77.048
28.5911 77.0694
28.6787 77.0672
28.5969 77.0507
28.5871 77.0549
28.5916 77.0641
28.5874 77.0673
28.5711 77.0731
28.5789 77.0656
28.5895 77.0504
28.5945 77.0427
28.5772 77.0443
28.5765 77.0479
28.5863 77.0349
28.5592 77.066
28.558 77.0581
28.562 77.0491
28.5424 77.0336
28.5384 77.0426
28.5448 77.0511
28.5516 77.0393
28.563 77.0329
28.516 77.0727
28.565 77.0584
28.5642 77.0578
28.5637 77.0574
28.5649 77.0554
28.5618 77.0528
28.5645 77.0546
28.5607 77.0586
28.5616 77.06
28.5601 77.0594
28.5604 77.0597
28.5561 77.0572
28.5564 77.0568
28.6386 77.0732
28.6076 77.0438
28.6142 77.0682
28.583 77.0615
28.6305 77.0414
28.5719 77.0728
28.5712 77.0583
28.658 77.0359
28.4913 77.071
28.4569 77.0646
28.4507 77.0738
28.4615 77.0341
28.4619 77.0327
28.5966 77.0502
28.5957 77.0507
28.6386 77.0732
28.5728 77.0682
28.5653 77.3631
28.5678 77.2257
28.5655 77.2341
28.5725 77.2583
28.5798 77.2681
28.5657 77.2499
28.5759 77.3033
28.5762 77.3422
28.5849 77.3116
28.5945 77.2945
28.5718 77.2589
28.5674 77.3464
28.5708 77.3261
28.5781 77.3178
28.5747 77.3562
28.5791 77.3278
28.5682 77.3267
28.5774 77.3314
28.588 77.2579
28.5867 77.2531
28.5884 77.245
28.5897 77.2504
28.5685 77.2514
28.5914 77.2429
28.5876 77.3126
28.5853 77.3108
28.5869 77.348
28.5885 77.3478
28.5864 77.3131
28.5876 77.3145
28.5931 77.3197
28.5791 77.3346
28.5758 77.3587
28.5698 77.2673
28.57 77.2677
28.5669 77.268
28.5903 77.2419
28.5881 77.248
28.5922 77.2462
28.5658 77.248
28.5672 77.2451
28.569 77.2408
28.5692 77.3618
28.5704 77.3622
28.5791 77.244
28.5889 77.2538
28.5836 77.363
28.5769 77.3586
28.5849 77.3602
28.5773 77.3604
28.5789 77.3609
28.5789 77.3608
28.5655 77.3595
28.5689 77.3576
28.5665 77.3558
28.5807 77.2416
28.5808 77.2415
28.5806 77.2416
28.5802 77.2416
28.5757 77.2361
28.5814 77.2422
28.5811 77.2421
28.5812 77.2419
28.5842 77.2431
28.5828 77.2452
28.5837 77.2438
28.5948 77.2525
28.5829 77.2657
28.5829 77.242
28.5828 77.2425
28.5751 77.2665
28.5764 77.2659
28.5759 77.2423
28.5668 77.2619
28.572 77.2634
28.566 77.2694
28.5719 77.2694
28.5782 77.2644
28.566 77.2508
28.57 77.2375
28.5724 77.2586
28.5677 77.3351
28.5842 77.2463
28.584 77.2458
28.5733 77.3571
28.576 77.2632
28.5849 77.2424
28.576 77.2632
28.578 77.3734
28.5833 77.3239
28.5841 77.3637
28.5796 77.3661
28.5788 77.367
28.5819 77.3137
28.5761 77.2553
28.5799 77.2493
28.5741 77.2599
28.5801 77.2572
28.5832 77.2446
28.5804 77.257
28.5565 77.0867
28.5573 77.1645
28.5578 77.1646
28.5574 77.1636
28.5608 77.1612
28.5445 77.1257
28.54 77.1198
28.5672 77.134
28.5461 77.1656
28.545 77.1644
28.5377 77.1667
28.5344 77.1698
28.5494 77.1683
28.5565 77.164
28.5343 77.1514
28.5403 77.1683
28.539 77.1689
28.5402 77.1672
28.5404 77.1669
28.5572 77.1643
28.5578 77.1644
28.5581 77.1641
28.561 77.1598
28.5486 77.1279
28.558 77.1643
28.5576 77.1642
28.5576 77.1641
28.5573 77.1638
28.5467 77.1265
28.563 77.0042
28.5453 76.9898
28.5467 76.9589
28.5415 76.9512
28.5682 76.9607
28.5616 76.9387
28.5529 76.942
28.559 76.9641
28.5647 76.9817
28.5474 77.0233
28.5437 77.049
28.5446 77.0318
28.5348 77.0535
28.5626 77.0467
28.5728 76.9492
28.5645 77.1235
28.5549 77.1711
28.5358 77.0063
28.5659 77.1717
28.5689 77.1691
28.5722 77.1662
28.5578 77.1611
28.5608 77.1403
28.5649 77.1226
28.5346 77.1483
28.5357 77.1448
28.5366 77.1506
28.5371 77.1458
28.537 77.1416
28.5389 77.1465
28.5394 77.1439
28.5656 77.1558
28.5589 77.1608
28.5584 77.0583
28.5493 77.1682
28.546 77.1656
28.5562 77.0576
28.5721 77.1375
28.5607 77.0717
28.5697 77.0643
28.5696 77.0642
28.5624 77.0534
28.5424 77.1469
28.5435 77.1467
28.5387 77.1455
28.5372 77.1471
28.5368 77.1468
28.5386 77.148
28.5359 77.1527
28.537 77.1476
28.5367 77.148
28.5526 77.0585
28.5633 77.0043
28.5978 77.1808
28.6701 77.1819
28.645 77.1693
28.5929 77.1628
28.6274 77.1717
28.6425 77.1783
28.6459 77.1724
28.6458 77.1723
28.5945 77.1664
28.597 77.1737
28.5977 77.1803
28.5981 77.181
28.5978 77.1804
28.5978 77.1805
28.5978 77.1805
28.5978 77.1805
28.6736 77.1703
28.6824 77.1647
28.5916 77.1718
28.6668 77.1711
28.5918 77.1616
28.646 77.1629
28.6325 77.1775
28.6016 77.1686
28.6007 77.1676
28.6009 77.1662
28.609 77.1812
28.6077 77.1808
28.6071 77.18
28.6753 77.171
28.5948 77.1621
28.5942 77.1623
28.5941 77.1621
28.6379 77.1808
28.6405 77.1742
28.6425 77.1763
28.5961 77.1677
28.6817 77.1804
28.6479 77.1807
28.6712 77.165
28.6535 77.1659
28.6523 77.1656
28.652 77.1608
28.6501 77.1685
28.6542 77.1661
28.6471 77.168
28.647 77.1691
28.6458 77.1728
28.6454 77.1735
28.6471 77.1781
28.6413 77.1742
28.6407 77.1773
28.6385 77.1734
28.6387 77.1764
28.6358 77.1779
28.6363 77.1789
28.6353 77.1782
28.6371 77.1798
28.6368 77.1803
28.6338 77.1794
28.6341 77.1815
28.6308 77.1796
28.6306 77.1805
28.6458 77.1782
28.6563 77.1605
28.6489 77.1809
28.6543 77.1809
28.6844 77.1746
28.6811 77.1741
28.6813 77.1807
28.6751 77.1651
28.6776 77.1635
28.6801 77.1648
28.6744 77.164
28.6743 77.1606
28.6766 77.1661
28.6456 77.1726
28.6519 77.1629
28.6839 77.1596
28.6496 77.1602
28.6459 77.1599
28.6485 77.1607
28.6611 77.1804
28.6603 77.1812
28.6445 77.1763
28.6453 77.1786
28.6619 77.1575
28.649 77.1227
28.6527 77.1317
28.6558 77.1507
28.6516 77.1583
28.6578 77.1424
28.66 77.1565
28.6526 77.1536
28.6602 77.14
28.6502 77.1235
28.6509 77.1209
28.6528 77.1233
28.65 77.1211
28.6537 77.1324
28.6538 77.1324
28.6546 77.1513
28.6469 77.1455
28.6545 77.1543
28.6548 77.1538
28.6523 77.1571
28.6515 77.1567
28.6524 77.158
28.6511 77.1574
28.6503 77.1578
28.6451 77.1239
28.6615 77.134
28.6533 77.1418
28.6502 77.1343
28.6466 77.13
28.6522 77.1263
28.6474 77.1123
28.6489 77.1189
28.6454 77.1137
28.6564 77.1009
28.6487 77.0958
28.6451 77.0966
28.6524 77.1001
28.6453 77.1047
28.6581 77.1172
28.6541 77.1282
28.6558 77.1306
28.6572 77.1328
28.6507 77.1467
28.6557 77.1347
28.6458 77.1418
28.6517 77.1217
28.6567 77.1426
28.6512 77.1242
28.6581 77.1272
28.6465 77.1589
28.6602 77.1516
28.6578 77.1414
28.6471 77.1269
28.6149 77.0228
28.6114 76.9877
28.6131 76.984
28.6148 76.9812
28.6151 76.9775
28.6123 76.9856
28.6111 76.9794
28.6127 76.9797
28.6142 76.9806
28.6072 76.9844
28.6124 76.9859
28.6132 76.9858
28.6131 76.9858
28.611 76.9748
28.6117 76.9785
28.6135 76.9796
28.6127 76.9863
28.6126 76.9909
28.6139 77.0005
28.6128 76.9956
28.6127 76.9898
28.6126 76.9903
28.6123 76.9902
28.6126 76.9867
28.6128 76.9865
28.609 76.9855
28.6148 76.9836
28.613 76.986
28.6128 76.9864
28.6136 76.9857
28.6126 76.9855
28.6099 76.9854
28.6085 76.9858
28.6089 76.985
28.6089 76.985
28.6088 76.9852
28.6061 76.9851
28.6064 76.9861
28.6066 76.9861
28.6064 76.9861
28.6065 76.9861
28.6074 76.9856
28.6105 76.9826
28.6096 76.9827
28.6095 76.9828
28.6096 76.9825
28.6097 76.9825
28.6095 76.9828
28.6096 76.9827
28.6096 76.9854
28.6126 76.9819
28.6094 76.9853
28.6092 76.9845
28.6129 76.9848
28.6086 76.9455
28.6083 76.9515
28.6081 76.9512
28.6082 76.945
28.6068 76.9397
28.6044 76.9323
28.6041 76.932
28.6069 76.9396
28.607 76.9393
28.6025 76.9317
28.6118 76.8953
28.6074 76.9453
28.5969 76.9371
28.6075 76.9469
28.6078 76.9413
28.6073 76.9463
28.6074 76.9467
28.6072 76.947
28.6003 76.9851
28.6087 76.9902
28.6098 76.9872
28.6091 76.9875
28.6053 76.9858
28.607 76.9965
28.6072 76.9973
28.6051 76.9995
28.611 76.9939
28.6089 76.9825
28.615 76.9944
28.6146 76.9885
28.6123 76.9824
28.6042 76.9624
28.6067 76.9589
28.608 76.9592
28.6061 76.9579
28.6084 76.9704
28.611 76.9629
28.6155 77.0084
28.6132 76.9984
28.6007 76.9845
28.2229 77.4448
28.2762 77.264
28.2632 77.2654
28.2915 77.2394
28.2732 77.2295
28.2718 77.247
28.2593 77.2376
28.2813 77.2788
28.2664 77.3112
28.2762 77.3304
28.2751 77.2865
28.2866 77.3403
28.2285 77.3223
28.2543 77.2967
28.2378 77.3137
28.2328 77.2906
28.23 77.3146
28.2264 77.2469
28.246 77.2525
28.2077 77.2688
28.2252 77.262
28.2181 77.2517
28.2903 77.2624
28.2931 77.3103
28.2806 77.3558
28.2788 77.301
28.2523 77.2781
28.2928 77.3595
28.2157 77.3535
28.2089 77.3063
28.2117 77.2982
28.2155 77.4419
28.215 77.443
28.5284 77.4154
28.5207 77.3069
28.5263 77.258
28.5197 77.2946
28.5243 77.3851
28.5384 77.3671
28.5201 77.4129
28.5236 77.4058
28.5307 77.298
28.5309 77.2979
28.5304 77.2986
28.5318 77.2974
28.5306 77.2982
28.5379 77.3003
28.5358 77.3989
28.5337 77.2724
28.5191 77.381
28.5294 77.2631
28.5335 77.2935
28.5349 77.3005
28.5371 77.2618
28.5228 77.2591
28.5273 77.2794
28.5366 77.2756
28.5352 77.295
28.5224 77.5917
28.5376 77.5684
28.5247 77.5716
28.5248 77.5717
28.5342 77.576
28.5248 77.5716
28.5347 77.2603
28.5262 77.5758
28.5326 77.5518
28.5173 77.5598
28.5195 77.5411
28.5359 77.2608
28.5375 77.261
28.6272 76.9655
28.6296 77.0781
28.628 77.0395
28.6301 77.0683
28.6285 77.0763
28.6288 77.0788
28.6297 77.0819
28.6293 76.9979
28.6289 76.9667
28.6272 76.9682
28.6267 76.9674
28.629 77.0779
28.5391 77.2064
28.5614 77.2228
28.5627 77.2245
28.5533 77.212
28.5434 77.2141
28.5443 77.2067
28.558 77.2068
28.5608 77.2144
28.5535 77.207
28.5418 77.2067
28.5407 77.2058
28.5406 77.2061
28.5408 77.2056
28.5416 77.206
28.5399 77.2131
28.5557 77.2186
28.5508 77.206
28.5422 77.2074
28.5578 77.212
28.568 77.2197
28.568 77.2195
28.5682 77.2193
28.5706 77.2204
28.5678 77.2246
28.5381 77.2281
28.5573 77.2191
28.5668 77.2201
28.5705 77.2255
28.5696 77.2244
28.5621 77.2124
28.5571 77.213
28.5603 77.2195
28.5593 77.2162
28.5414 77.215
28.5401 77.2153
28.5395 77.2188
28.5441 77.2291
28.5426 77.2243
28.5406 77.217
28.5483 77.2141
28.5478 77.2187
28.5471 77.2083
28.5434 77.205
28.5424 77.2211
28.566 77.2141
28.5661 77.2135
28.5661 77.2128
28.5548 77.2105
28.5385 77.2079
28.5373 77.2204
28.5417 77.2167
28.5587 77.2186
28.5584 77.2184
28.5573 77.2176
28.5605 77.2231
28.5409 77.2061
28.5692 77.2176
28.5428 77.214
28.56 77.2051
28.646 77.2112
28.621 77.2115
28.6406 77.2108
28.628 77.2165
28.6314 77.2182
28.6327 77.2198
28.6207 77.2131
28.6412 77.2108
28.6411 77.2157
28.6411 77.2127
28.641 77.2125
28.6408 77.2121
28.644 77.2185
28.6414 77.2132
28.6409 77.2119
28.641 77.2122
28.6409 77.2121
28.6342 77.2191
28.6253 77.2184
28.6254 77.2181
28.6459 77.2147
28.6306 77.219
28.6409 77.2137
28.6407 77.2111
28.6417 77.2134
28.6245 77.2195
28.6414 77.2124
28.6462 77.2154
28.6419 77.2147
28.6457 77.2164
28.6414 77.2152
28.6456 77.2158
28.641 77.2137
28.6318 77.2164
28.6414 77.2132
28.6399 77.213
28.6421 77.215
28.6422 77.215
28.6422 77.2149
28.6422 77.2147
28.6413 77.2148
28.6403 77.2131
28.6416 77.217
28.6414 77.2161
28.6415 77.2161
28.6415 77.2161
28.6446 77.2153
28.6394 77.2177
28.6326 77.2186
28.6407 77.2124
28.6341 77.2188
28.6341 77.2189
28.634 77.2186
28.6467 77.2129
28.6468 77.213
28.6468 77.2129
28.6468 77.2128
28.6468 77.2129
28.6467 77.2129
28.6467 77.2132
28.6293 77.2126
28.6323 77.2164
28.6406 77.2129
28.6301 77.2175
28.6411 77.2127
28.6208 77.2184
28.6408 77.2108
28.641 77.2129
28.6257 77.2197
28.6302 77.213
28.6333 77.2184
28.6346 77.218
28.5955 77.1918
28.5663 77.1941
28.5696 77.2083
28.5742 77.2093
28.5866 77.2126
28.5882 77.2338
28.5904 77.2308
28.5904 77.2311
28.5747 77.2232
28.5788 77.2277
28.5688 77.209
28.5717 77.2046
28.5862 77.2269
28.5723 77.2142
28.5768 77.2063
28.5895 77.2131
28.5773 77.2026
28.5677 77.1944
28.5686 77.1934
28.5899 77.225
28.5679 77.1945
28.5759 77.1972
28.5732 77.2088
28.573 77.2305
28.5729 77.2302
28.574 77.2302
28.5719 77.2258
28.5742 77.2274
28.5727 77.2271
28.5775 77.2256
28.5737 77.2102
28.5718 77.232
28.5785 77.2195
28.5778 77.2194
28.5753 77.2204
28.579 77.2009
28.5685 77.2206
28.5736 77.2076
28.5758 77.1981
28.5667 77.2136
28.5667 77.2142
28.5665 77.2144
28.567 77.2145
28.5675 77.214
28.5676 77.2146
28.5667 77.2128
28.5669 77.2115
28.5675 77.2109
28.5669 77.2089
28.5676 77.2097
28.573 77.2201
28.5723 77.2208
28.573 77.2206
28.5754 77.2256
28.573 77.2233
28.5737 77.2238
28.5901 77.2259
28.5669 77.2078
28.5734 77.2062
28.5841 77.2205
28.582 77.1953
28.5851 77.1961
28.5851 77.1976
28.5839 77.196
28.5838 77.1972
28.5827 77.1957
28.5826 77.197
28.5838 77.1986
28.5823 77.1985
28.5818 77.1983
28.5845 77.1944
28.5839 77.1941
28.5845 77.192
28.5746 77.1958
28.5765 77.1957
28.5765 77.1955
28.5765 77.1953
28.5764 77.1957
28.5764 77.1957
28.5698 77.1964
28.5725 77.1994
28.5704 77.1966
28.5714 77.1993
28.5895 77.1919
28.7771 76.7703
28.7013 76.9307
28.6933 76.9332
28.7176 76.9598
28.7289 76.9676
28.7505 76.9686
28.7555 76.966
28.7756 76.963
28.7107 76.9819
28.6908 76.9352
28.6975 76.9191
28.6916 76.9547
28.6876 76.8899
28.5176 77.2569
28.525 77.1571
28.5263 77.1562
28.5244 77.2137
28.5249 77.1933
28.5218 77.1783
28.5248 77.2172
28.5248 77.1562
28.5227 77.1656
28.5227 77.2231
28.5192 77.2362
28.5237 77.2071
28.5179 77.2048
28.5206 77.2014
28.5237 77.1912
28.5269 77.2074
28.5217 77.1831
28.5182 77.1876
28.5189 77.1888
28.521 77.1833
28.5205 77.1825
28.523 77.1863
28.5195 77.1874
28.5195 77.1876
28.5187 77.1879
28.5199 77.1872
28.5244 77.2044
28.5234 77.2074
28.5254 77.1877
28.5248 77.1851
28.5258 77.2064
28.5226 77.1639
28.5271 77.1858
28.5231 77.2105
28.5231 77.2109
28.523 77.2106
28.523 77.2081
28.5251 77.1848
28.5248 77.1853
28.5244 77.1856
28.524 77.1845
28.5234 77.2075
28.5204 77.005
28.5204 76.9636
28.5201 76.9848
28.5242 76.9021
28.5105 76.8937
28.526 77.1389
28.5194 77.1665
28.527 77.1541
28.5203 77.0189
28.5223 77.0336
28.5129 76.9824
28.5109 77.0066
28.5159 77.0276
28.5175 77.0426
28.5108 77.0848
28.5144 77.073
28.5219 77.1599
28.5258 77.1608
28.5241 77.1637
28.5234 77.166
28.5261 77.1649
28.5167 77.1594
28.5182 77.1578
28.5236 77.1497
28.5266 77.1486
28.5254 77.1441
28.5262 77.1571
28.5126 77.2494
28.5154 77.2503
28.5148 77.2518
28.5137 77.2326
28.524 77.2552
28.5247 77.2543
28.524 77.2551
28.5248 77.2544
28.5244 77.2547
28.5255 77.2552
28.5254 77.2554
28.5238 77.2558
28.5252 77.2511
28.5249 77.2537
28.5248 77.2539
28.5238 77.2548
28.5257 77.2509
28.5259 77.2501
28.5257 77.2518
28.5148 77.1861
28.5126 76.9788
28.5244 77.1964
28.5195 77.2038
28.5196 77.2035
28.5152 77.1985
28.5174 77.1984
28.5268 77.1685
28.2336 76.9138
28.2466 77.0645
28.245 77.0638
28.2973 77.0671
28.3184 77.0115
28.2789 76.9715
28.2901 77.0051
28.3102 77.0044
28.2645 76.9663
28.2618 76.9869
28.2109 76.9506
28.2415 77.0637
28.3227 77.058
28.246 77.0671
28.2485 77.0714
28.3023 76.9769
28.3083 76.8958
28.453 77.1478
28.4398 77.1434
28.4253 77.0985
28.4509 77.0876
28.4393 77.1027
28.44 77.1024
28.4347 77.1046
28.4547 77.1047
28.455 77.0629
28.459 77.0764
28.459 77.0764
28.4337 77.0633
28.4287 77.0667
28.4274 77.1098
28.4597 77.0612
28.4232 77.0805
28.4248 77.0949
28.4249 77.1012
28.4248 77.1031
28.4227 77.1032
28.4527 77.0807
28.4219 77.091
28.4338 77.0878
28.4219 77.091
28.4593 77.0727
28.4572 77.0633
28.4569 77.0634
28.4571 77.0634
28.457 77.0634
28.4438 77.0686
28.4469 77.0652
28.4419 77.0695
28.435 77.1046
28.4351 77.1046
28.4534 77.0979
28.4602 77.0959
28.4234 77.1427
28.4214 77.1018
28.4249 77.0992
28.4254 77.0991
28.4253 77.0992
28.4449 77.0664
28.4599 77.089
28.4608 77.0877
28.4589 77.0882
28.4584 77.0756
28.4546 77.0826
28.4518 77.0803
28.4595 77.0758
28.4549 77.0859
28.4415 77.0968
28.4421 77.1113
28.4472 77.0937
28.4497 77.095
28.4493 77.0931
28.4472 77.0958
28.411 77.0964
28.4368 77.0795
28.4524 77.1417
28.421 77.0905
28.4574 77.0969
28.4506 77.0754
28.4233 77.1052
28.456 77.0706
28.4602 77.0755
28.3668 77.0838
28.4212 77.0629
28.4172 77.0459
28.4186 77.0454
28.4163 77.0476
28.4163 77.0493
28.4176 77.0513
28.4178 77.046
28.4171 77.0466
28.4169 77.0468
28.4174 77.051
28.4112 77.0431
28.4114 77.0432
28.4109 77.0431
28.4173 77.0592
28.4187 77.0445
28.4071 77.0434
28.4107 77.0432
28.4202 77.037
28.4078 77.0467
28.4179 77.054
28.4164 77.0437
28.4148 77.0412
28.4064 77.0439
28.3916 77.0486
28.3446 77.0681
28.3461 77.0676
28.3509 77.0649
28.3611 77.0605
28.3895 77.0503
28.3906 77.0492
28.3936 77.0468
28.3961 77.0457
28.3979 77.0456
28.4207 77.0392
28.406 77.0311
28.4207 77.0394
28.4163 77.0505
28.4165 77.0555
28.4194 77.0548
28.4163 77.0583
28.4188 77.0581
28.4189 77.051
28.4158 77.048
28.4167 77.0451
28.4181 77.0466
28.4156 77.062
28.412 77.065
28.4196 77.0611
28.417 77.0653
28.4191 77.0644
28.4185 77.0456
28.3933 77.0484
28.3505 77.0619
28.3593 77.078
28.4195 77.0436
28.395 77.0463
28.4172 77.0506
28.4181 77.0612
28.3558 77.031
28.3771 77.0743
28.3771 77.0554
28.3771 77.0555
28.3889 77.046
28.3961 77.0372
28.4105 77.0395
28.4129 77.0498
28.403 77.0696
28.3864 77.0598
28.3974 77.0539
28.3915 77.0762
28.3964 77.0865
28.3986 77.0978
28.4077 77.0824
28.4167 77.0612
28.4126 77.0396
28.4128 77.0345
28.4103 77.0465
28.4086 77.0505
28.4014 77.0487
28.4021 77.0503
28.7446 77.3099
28.7315 77.1839
28.7456 77.1517
28.7473 77.1511
28.7562 77.1483
28.7579 77.1477
28.7652 77.1454
28.7642 77.1465
28.7317 77.2901
28.7311 77.2748
28.7377 77.1166
28.766 77.0409
28.7704 77.0481
28.7337 77.144
28.7358 77.0043
28.7707 76.9975
28.7351 77.0325
28.7382 76.9962
28.7521 77.0076
28.7446 77.1383
28.7383 77.1398
28.7299 77.1489
28.7553 77.1343
28.7552 77.1345
28.763 77.1262
28.7516 77.1369
28.7555 77.1288
28.7621 77.1278
28.7626 77.1276
28.7596 77.1312
28.7611 77.1285
28.7581 77.1316
28.7553 77.1335
28.7566 77.1325
28.7485 77.1165
28.7483 77.1172
28.7484 77.1179
28.7487 77.1188
28.7475 77.1194
28.7476 77.1182
28.7753 77.3076
28.7516 77.1001
28.7511 77.1024
28.7456 77.1171
28.7523 77.0973
28.7527 77.0955
28.7554 77.1345
28.7552 77.1344
28.7552 77.1344
28.7552 77.1332
28.739 77.1363
28.7375 77.1364
28.7375 77.1361
28.7396 77.1192
28.7323 77.1988
28.7336 77.1986
28.6164 77.0912
28.5926 77.1223
28.6365 77.0965
28.6367 77.0965
28.6405 77.1052
28.6082 77.1367
28.6126 77.1159
28.6437 77.1129
28.6342 77.1275
28.6369 77.1414
28.6273 77.1403
28.6217 77.1586
28.6166 77.1012
28.6307 77.0923
28.6249 77.1109
28.6312 77.1146
28.6397 77.1143
28.6133 77.1405
28.627 77.1438
28.6104 77.1013
28.6363 77.1152
28.607 77.1156
28.6225 77.1116
28.6206 77.1116
28.6242 77.1172
28.6216 77.1133
28.6336 77.1047
28.6222 77.1046
28.6193 77.1088
28.6233 77.1129
28.6346 77.1071
28.6287 77.1471
28.6221 77.1386
28.6416 77.1294
28.6417 77.1048
28.6343 77.1249
28.6296 77.1119
28.6433 77.1323
28.6362 77.1335
28.6422 77.1384
28.6369 77.1259
28.6371 77.1068
28.6381 77.1063
28.6316 77.1009
28.615 77.1147
28.6286 77.1258
28.6321 77.1371
28.6444 77.146
28.6397 77.1415
28.6325 77.1441
28.6086 77.1404
28.6244 77.1364
28.6372 77.1297
28.595 77.0994
28.5962 77.096
28.597 77.0993
28.6228 77.1131
28.5928 77.1162
28.5929 77.1171
28.593 77.1168
28.5932 77.1164
28.5935 77.1167
28.5932 77.1173
28.6405 77.1048
28.6255 77.1134
28.7076 77.126
28.701 77.2272
28.7032 77.1322
28.6954 77.2149
28.6951 77.2147
28.7027 77.194
28.7071 77.1804
28.6982 77.2064
28.7031 77.1774
28.701 77.261
28.7004 77.2728
28.708 77.24
28.7034 77.158
28.703 77.1576
28.7029 77.1581
28.7026 77.1578
28.6987 77.226
28.6974 77.2046
28.7013 77.2285
28.7036 77.2288
28.6966 77.2255
28.7036 77.2283
28.6999 77.2266
28.7 77.2272
28.6991 77.2258
28.7035 77.2284
28.6954 77.2157
28.6988 77.2206
28.6961 77.1529
28.6995 77.1301
28.7036 77.1796
28.7044 77.1407
28.7018 77.1774
28.6994 77.1667
28.7077 77.1755
28.7059 77.1774
28.6942 77.1909
28.6944 77.1956
28.6961 77.1762
28.6951 77.1858
28.7024 77.1852
28.7073 77.1885
28.7045 77.1971
28.702 77.1654
28.6947 77.1542
28.7058 77.1819
28.7024 77.2861
28.696 77.2059
28.6979 77.2259
28.6956 77.2257
28.695 77.2104
28.6944 77.2103
28.6939 77.2128
28.7003 77.2935
28.7016 77.2938
28.7027 77.292
28.6943 77.2041
28.6982 77.2049
28.6948 77.2043
28.6949 77.2043
28.705 77.2133
28.7093 77.2146
28.7056 77.212
28.7059 77.2122
28.7038 77.2278
28.703 77.2288
28.7024 77.2288
28.6938 77.2097
28.6959 77.1721
28.702 77.2055
28.6178 76.891
28.6175 76.984
28.6246 76.9178
28.6257 76.9429
28.6189 76.9616
28.6191 76.9651
28.6192 76.9881
28.6201 76.9849
28.4417 76.9919
28.4392 77.0127
28.4237 77.0404
28.4485 77.0388
28.4557 77.0454
28.4548 77.0448
28.4571 77.0467
28.4565 77.0465
28.449 77.039
28.4555 77.0285
28.4327 77.0185
28.4295 77.0525
28.4463 77.0459
28.4252 77.0475
28.454 77.0497
28.4321 77.0384
28.4445 77.0491
28.4234 77.0469
28.4611 77.0292
28.4453 77.0215
28.4292 77.0375
28.4316 77.0471
28.4508 77.0328
28.4487 77.029
28.4485 77.0286
28.4611 77.0319
28.4281 77.0367
28.4113 77.0309
28.4169 77.0468
28.4129 77.0422
28.4172 77.0506
28.4327 77.0186
28.4303 77.0119
28.4314 77.0164
28.4314 77.0163
28.4446 77.006
28.4385 77.0252
28.428 77.0116
28.4343 76.9993
28.4159 77.0291
28.4233 77.0188
28.4424 77.0505
28.419 77.0028
28.4611 77.0323
28.4601 77.0333
28.4569 77.0329
28.4574 77.0443
28.453 77.0329
28.4517 77.0298
28.4517 77.0304
28.4124 77.0496
28.4186 77.0382
28.4171 77.0507
28.4219 77.0087
28.4558 77.0462
28.4255 77.0374
28.4259 77.1004
28.4461 77.0445
28.4439 77.0445
28.4449 77.0445
28.4424 77.0445
28.4414 77.0445
28.4402 77.0446
28.439 77.0446
28.4372 77.0447
28.4366 77.0447
28.4343 77.0458
28.4299 77.0479
28.4276 77.049
28.4326 77.0723
28.431 77.1123
28.4311 77.1108
28.4327 77.1046
28.4468 77.1
28.4447 77.0597
28.4383 77.0446
28.4355 77.0452
28.4286 77.0922
28.4319 77.0994
28.4319 77.0997
28.4306 77.0965
28.4434 77.0552
28.4468 77.105
28.4396 77.0906
28.4478 77.0939
28.446 77.0929
28.4351 77.0404
28.4458 77.0413
28.4359 77.0584
28.438 77.0589
28.4346 77.0592
28.4379 77.0591
28.4257 77.1005
28.4428 77.0442
28.4425 77.0443
28.4425 77.0439
28.4425 77.0443
28.4424 77.0439
28.4424 77.0443
28.4423 77.0441
28.4427 77.0441
28.4426 77.0439
28.4441 77.0639
28.433 77.1049
28.4464 77.1005
28.4292 77.0652
28.4462 77.1012
28.4446 77.0427
28.4382 77.0688
28.59 77.1848
28.6047 77.1989
28.6145 77.1996
28.6225 77.1931
28.5984 77.1854
28.5974 77.2111
28.6095 77.2118
28.6289 77.2113
28.6164 77.2099
28.6187 77.2073
28.6189 77.2078
28.593 77.2109
28.5947 77.1885
28.6035 77.1938
28.6347 77.185
28.6202 77.211
28.6216 77.2103
28.6016 77.1908
28.5957 77.1876
28.5913 77.1854
28.5903 77.1892
28.5921 77.1857
28.5934 77.1865
28.5968 77.1883
28.5921 77.19
28.5949 77.1873
28.5938 77.1909
28.6334 77.2084
28.6259 77.2007
28.6293 77.206
28.6328 77.199
28.5946 77.1852
28.6142 77.2046
28.6031 77.1904
28.6018 77.1858
28.6328 77.2054
28.631 77.2057
28.6337 77.2086
28.6289 77.2102
28.6334 77.208
28.5965 77.1853
28.694 76.9995
28.698 77.1405
28.696 77.1525
28.6865 77.0573
28.7062 77.0234
28.7055 77.0199
28.7007 77.1359
28.704 77.1311
28.687 77.0733
28.6883 77.0735
28.6986 77.13
28.7045 77.0928
28.6925 77.112
28.6927 77.1115
28.6868 76.9772
28.6852 76.9958
28.6996 77.1045
28.694 77.1081
28.6958 77.1403
28.695 77.1405
28.6956 77.1391
28.687 77.1348
28.685 77.1295
28.6903 77.2903
28.6889 77.1617
28.6863 77.2218
28.6927 77.1736
28.6889 77.1764
28.6921 77.1776
28.6871 77.2039
28.6867 77.1908
28.6893 77.1947
28.6918 77.1971
28.6928 77.1957
28.6923 77.1993
28.6902 77.1681
28.6897 77.1816
28.6916 77.2017
28.688 77.1974
28.6916 77.1834
28.6858 77.1496
28.6921 77.2797
28.6883 77.1543
28.6871 77.1543
28.6867 77.1543
28.6871 77.154
28.6897 77.155
28.6896 77.1561
28.688 77.2181
28.6887 77.2119
28.6895 77.2086
28.6908 77.2114
28.689 77.2146
28.6884 77.2116
28.6896 77.2105
28.6885 77.2079
28.6879 77.2069
28.6925 77.2177
28.6874 77.2066
28.6935 77.2124
28.6904 77.2166
28.6916 77.2186
28.6928 77.2106
28.6908 77.2092
28.6873 77.213
28.6934 77.2132
28.689 77.2134
28.6915 77.1574
28.6879 77.2102
28.6882 77.2057
28.6903 77.2111
28.6893 77.2093
28.6919 77.2091
28.6868 77.2092
28.6912 77.2077
28.6862 77.2088
28.6932 77.2079
28.6903 77.2064
28.69 77.2079
28.6902 77.2096
28.688 77.2098
28.6888 77.2145
28.6878 77.2134
28.692 77.2118
28.6885 77.2128
28.6934 77.2169
28.6928 77.2151
28.6922 77.2161
28.6924 77.2126
28.6897 77.2158
28.6883 77.2144
28.6927 77.2175
28.6857 77.2117
28.6893 77.2166
28.6928 77.2119
28.6891 77.2012
28.6917 77.3225
28.6907 77.323
28.6914 77.3237
28.6911 77.3235
28.6861 77.2126
28.6857 77.2108
28.6866 77.2111
28.6871 77.2119
28.6868 77.2127
28.6865 77.2121
28.6871 77.2124
28.6857 77.2129
28.6857 77.2121
28.6857 77.2123
28.6859 77.2118
28.6861 77.2113
28.6931 77.2048
28.6862 77.1913
28.6934 77.2108
28.6936 77.2099
28.6935 77.2105
28.6921 77.207
28.6909 77.2085
28.6931 77.2108
28.6931 77.211
28.489 77.0911
28.4892 77.0913
28.4891 77.0912
28.5851 77.0926
28.5545 77.086
28.5548 77.0858
28.5551 77.0856
28.5553 77.0854
28.5556 77.0852
28.5559 77.085
28.5562 77.0849
28.5565 77.0847
28.5033 77.0941
28.5075 77.0908
28.5003 77.0918
28.4966 77.093
28.4957 77.0912
28.4961 77.0889
28.5273 77.0823
28.4925 77.0901
28.5912 77.0933
28.6144 77.2768
28.6737 77.2726
28.6458 77.3016
28.6452 77.3008
28.653 77.2971
28.6567 77.302
28.6511 77.2978
28.6717 77.2779
28.6733 77.289
28.6729 77.2924
28.6753 77.3008
28.6772 77.2982
28.6644 77.295
28.6378 77.2952
28.6185 77.3027
28.6184 77.2865
28.6186 77.2864
28.6184 77.2865
28.6179 77.2868
28.6168 77.2877
28.6171 77.2867
28.6169 77.2863
28.6174 77.2872
28.6171 77.2866
28.6166 77.2877
28.6121 77.2899
28.614 77.2899
28.6145 77.2891
28.6132 77.2896
28.6153 77.2886
28.6154 77.2885
28.674 77.2871
28.6307 77.2819
28.6228 77.3075
28.6251 77.2852
28.6779 77.2778
28.6724 77.277
28.6442 77.2736
28.6439 77.2763
28.676 77.2889
28.6775 77.2868
28.6697 77.2971
28.6719 77.2985
28.6717 77.2964
28.671 77.2996
28.6824 77.2864
28.6845 77.2859
28.6264 77.2765
28.6269 77.2794
28.6274 77.2793
28.6298 77.2772
28.6294 77.2766
28.6278 77.2808
28.631 77.2765
28.6709 77.2814
28.6704 77.2783
28.5336 77.3516
28.5416 77.338
28.5446 77.3339
28.5529 77.3216
28.5428 77.31
28.5651 77.356
28.5678 77.2536
28.5652 77.2547
28.5682 77.2531
28.5736 77.2588
28.5726 77.2718
28.5727 77.2713
28.5663 77.268
28.5654 77.2672
28.5713 77.2599
28.566 77.2482
28.5658 77.2475
28.5666 77.2466
28.5686 77.2405
28.567 77.2492
28.5706 77.3259
28.5713 77.3233
28.571 77.3234
28.5711 77.3231
28.571 77.3236
28.571 77.3236
28.5676 77.3156
28.5686 77.3159
28.5689 77.3157
28.5766 77.5305
28.5751 77.5421
28.5658 77.4941
28.57 77.4927
28.5651 77.4903
28.5668 77.3432
28.5673 77.3351
28.5675 77.3349
28.5674 77.3353
28.5681 77.3352
28.5682 77.3354
28.568 77.3354
28.5689 77.3365
28.5682 77.3345
28.5699 77.3327
28.5706 77.3334
28.5711 77.3332
28.5729 77.3331
28.5696 77.3279
28.5694 77.3282
28.571 77.3252
28.5705 77.3222
28.5654 77.3239
28.5674 77.3145
28.567 77.3407
28.5674 77.3412
28.5686 77.3445
28.5673 77.3523
28.5673 77.3522
28.5707 77.3258
28.5668 77.3402
28.5706 77.3598
28.5667 77.2536
28.452 77.699
28.4671 77.5138
28.4738 77.4836
28.4744 77.4815
28.4743 77.4815
28.4736 77.4841
28.4731 77.4832
28.4574 77.4608
28.4483 77.4517
28.4441 77.4556
28.429 77.4751
28.4648 77.4503
28.4423 77.4442
28.4367 77.476
28.4475 77.4862
28.4743 77.532
28.3502 77.5533
28.4173 77.5222
28.4171 77.5235
28.4163 77.5261
28.4192 77.5212
28.4828 77.4982
28.4666 77.5164
28.3915 77.6676
28.3968 77.6528
28.4664 77.5393
28.4506 77.5599
28.353 77.4302
28.4253 77.6602
28.3774 77.6045
28.3736 77.5903
28.3672 77.5807
28.3916 77.6237
28.3909 77.6222
28.3949 77.6271
28.413 77.6493
28.4184 77.6665
28.4508 77.6939
28.4474 77.6897
28.4696 77.6655
28.468 77.6744
28.4738 77.6603
28.483 77.6543
28.3585 77.5484
28.3657 77.541
28.3949 77.5226
28.4869 77.5074
28.4466 77.5148
28.4456 77.5165
28.4894 77.5942
28.4487 77.5697
28.4298 77.6068
28.4311 77.5198
28.4476 77.5177
28.4481 77.4766
28.471 77.5128
28.4784 77.5257
28.4845 77.5363
28.383 77.4506
28.3873 77.4441
28.4846 77.5261
28.4108 77.5102
28.4199 77.5021
28.5748 77.1631
28.5728 77.1732
28.5657 77.1746
28.5742 77.1954
28.5656 77.1934
28.5686 77.1877
28.57 77.1891
28.564 77.1909
28.5745 77.1872
28.5692 77.1853
28.5686 77.1843
28.5723 77.186
28.575 77.1894
28.5739 77.1842
28.5698 77.1783
28.5713 77.1782
28.5711 77.1845
28.561 77.1889
28.5735 77.1864
28.5647 77.1893
28.5664 77.1876
28.5664 77.183
28.5628 77.1839
28.5701 77.176
28.574 77.1773
28.5726 77.1822
28.5591 77.1849
28.5595 77.1773
28.562 77.1742
28.5738 77.1712
28.5671 77.1781
28.5751 77.1791
28.5569 77.175
28.5702 77.1879
28.5623 77.1878
28.5622 77.1865
28.5617 77.1882
28.5616 77.1885
28.5649 77.1888
28.565 77.1891
28.5679 77.1892
28.568 77.1896
28.568 77.1875
28.5611 77.1913
28.5665 77.1897
28.5631 77.166
28.5696 77.1939
28.5683 77.1889
28.5654 77.1857
28.5069 76.9752
28.5 77.0799
28.5047 77.1721
28.5084 77.1665
28.5117 77.1635
28.5101 77.1682
28.5011 77.0913
28.5041 77.1724
28.5086 77.0948
28.5011 77.0911
28.5013 77.1664
28.5014 77.1668
28.5048 77.084
28.5002 77.0807
28.5068 77.175
28.5092 77.1647
28.5093 77.1647
28.5099 77.1682
28.5094 77.0387
28.5057 77.0356
28.5086 77.0326
28.5055 77.026
28.5043 77.032
28.511 77.0305
28.5063 77.029
28.5126 77.267
28.5128 77.2324
28.5116 77.3026
28.5068 77.2186
28.513 77.1865
28.5033 77.1749
28.5127 77.259
28.5114 77.2622
28.5112 77.2638
28.5108 77.2635
28.5118 77.2633
28.515 77.2548
28.5038 77.0973
28.5058 77.0963
28.5123 77.3757
28.5047 77.4193
28.5033 77.2971
28.506 77.0436
28.5129 77.0779
28.5061 77.0644
28.5132 77.1108
28.5051 77.3878
28.5111 77.086
28.5008 77.0946
28.5053 77.2293
28.5091 77.0416
28.5137 77.1971
28.5008 77.1024
28.5014 77.1027
28.5061 76.9968
28.507 77.0183
28.5031 77.0817
28.5091 77.0343
28.5063 77.0655
28.5103 77.053
28.5057 77.0463
28.5087 77.1686
28.5105 77.1655
28.503 77.1854
28.51 77.616
28.5062 77.0254
28.5115 77.5685
28.506 77.5679
28.5112 77.0486
28.5039 77.0492
28.5115 77.042
28.5112 77.0419
28.5116 77.042
28.5117 77.0421
28.5117 77.0419
28.5114 77.042
28.5114 77.0421
28.5116 77.0416
28.5115 77.0417
28.5113 77.0424
28.5119 77.0391
28.5148 77.035
28.515 77.0351
28.5087 77.0312
28.5111 77.0313
28.515 77.0345
28.5046 77.0532
28.5107 77.0482
28.5102 77.0418
28.5077 77.0428
28.5108 77.4036
28.5143 77.1648
28.4875 77.071
28.4623 77.0659
28.4741 77.0572
28.4741 77.0574
28.4707 77.0573
28.4637 77.0335
28.4673 77.0372
28.4741 76.9571
28.488 76.9633
28.4716 76.9227
28.4864 77.0661
28.4756 77.0421
28.4663 77.0473
28.4636 77.0465
28.4711 77.0489
28.4766 77.0307
28.4732 77.0421
28.4772 77.0682
28.4633 77.0328
28.4658 77.0352
28.4696 77.0386
28.4768 77.046
28.4737 77.0479
28.4687 77.0641
28.468 77.0648
28.4676 77.0652
28.4495 77.0643
28.4528 77.0502
28.453 77.0504
28.4535 77.051
28.4537 77.052
28.4537 77.0509
28.4533 77.051
28.4541 77.0512
28.4601 77.0518
28.4895 77.0112
28.4553 77.0648
28.469 77.0621
28.4694 77.0625
28.4684 77.0625
28.4693 77.0624
28.4682 77.0629
28.4685 77.0624
28.4682 77.063
28.4682 77.0632
28.4684 77.0635
28.4684 77.0635
28.4684 77.0635
28.4684 77.0635
28.4692 77.0635
28.4692 77.0636
28.4698 77.0628
28.4694 77.0626
28.4694 77.0594
28.4505 77.0016
28.4678 77.0642
28.4677 77.0641
28.4676 77.064
28.4716 77.0618
28.4566 77.0686
28.4746 77.0707
28.4694 77.0634
28.4653 77.0035
28.4646 77.0299
28.4765 77.06
28.4773 77.0164
28.4614 76.9713
28.4684 76.9804
28.4755 76.9712
28.4831 76.9779
28.4795 76.9937
28.4646 76.9629
28.4554 76.951
28.454 77.0025
28.4543 77.0243
28.4575 77.0325
28.4641 77.026
28.4701 77.0315
28.4614 77.046
28.453 77.0376
28.4687 77.0512
28.481 77.0091
28.475 77.0104
28.4804 77.0191
28.4753 77.0258
28.4663 77.0143
28.4599 77.0198
28.4622 77.0001
28.469 76.9963
28.448 76.9698
28.4489 76.9881
28.4564 76.981
28.4703 77.0162
28.4638 77.0191
28.4645 76.9831
28.4737 77.0092
28.474 77.0091
28.4747 77.0094
28.4736 77.0093
28.6816 77.2294
28.6674 77.2282
28.643 77.2221
28.6415 77.2141
28.6435 77.2228
28.6493 77.2265
28.6768 77.2249
28.6671 77.2166
28.6389 77.2192
28.6406 77.219
28.6416 77.2191
28.6401 77.2191
28.6412 77.2187
28.6399 77.2291
28.6407 77.2293
28.6426 77.224
28.6425 77.2231
28.6394 77.2239
28.6686 77.2284
28.6744 77.2261
28.6416 77.2133
28.641 77.2138
28.6676 77.2287
28.6676 77.2283
28.6458 77.2159
28.646 77.2157
28.6445 77.2227
28.6409 77.2152
28.6464 77.2133
28.6494 77.2267
28.6411 77.2137
28.6459 77.2177
28.6424 77.2194
28.6517 77.2219
28.6568 77.2185
28.6615 77.2148
28.6687 77.2281
28.6464 77.2154
28.6463 77.2154
28.6476 77.2275
28.6459 77.2151
28.6448 77.2233
28.6436 77.2217
28.6436 77.2236
28.6491 77.2164
28.6425 77.2194
28.6538 77.2285
28.657 77.2231
28.6447 77.2149
28.6577 77.2289
28.6468 77.2136
28.6446 77.2152
28.6447 77.2148
28.6455 77.2178
28.6456 77.2174
28.6411 77.2143
28.6418 77.2147
28.6417 77.2147
28.6418 77.2152
28.6411 77.2144
28.6099 77.373
28.6044 77.3231
28.6099 77.3728
28.61 77.3728
28.6041 77.2895
28.6132 77.3727
28.6142 77.3715
28.6138 77.3665
28.6009 77.3244
28.6012 77.3224
28.6037 77.3356
28.6069 77.3329
28.6018 77.3368
28.6053 77.3342
28.6031 77.2926
28.6116 77.2906
28.6083 77.2948
28.6059 77.294
28.6106 77.2947
28.6036 77.291
28.6058 77.2987
28.6134 77.3089
28.6101 77.3046
28.608 77.3051
28.6112 77.3365
28.6112 77.337
28.6115 77.3363
28.6116 77.3363
28.6117 77.3359
28.6115 77.336
28.6116 77.3358
28.6053 77.2949
28.6157 77.4796
28.6048 77.5041
28.606 77.4896
28.6062 77.4861
28.6065 77.3727
28.5423 77.1785
28.5485 77.1814
28.5419 77.1863
28.5398 77.1841
28.5444 77.1893
28.5536 77.1947
28.5403 77.1848
28.5404 77.1848
28.5566 77.1917
28.5529 77.1937
28.5542 77.1939
28.5534 77.1943
28.5528 77.1937
28.5533 77.1941
28.5549 77.1942
28.5559 77.1952
28.5544 77.1945
28.5535 77.1943
28.5553 77.1816
28.547 77.1945
28.5504 77.1855
28.5384 77.1947
28.5377 77.197
28.538 77.1933
28.5382 77.1935
28.5382 77.1934
28.5389 77.1928
28.538 77.1976
28.553 77.1935
28.5568 77.1958
28.553 77.1935
28.553 77.1935
28.5467 77.1863
28.5464 77.1867
28.5467 77.1851
28.5437 77.1919
28.5435 77.1913
28.5435 77.1911
28.5429 77.1917
28.5441 77.1931
28.5455 77.1858
28.5455 77.1836
28.5459 77.1834
28.5456 77.1827
28.5457 77.1825
28.5456 77.1824
28.5469 77.1809
28.5457 77.1809
28.5426 77.1831
28.5461 77.191
28.5465 77.1921
28.5457 77.1936
28.546 77.1933
28.5482 77.1843
28.5482 77.1842
28.5453 77.1924
28.545 77.1921
28.5454 77.1923
28.5454 77.1923
28.5448 77.1922
28.5451 77.1926
28.5449 77.1926
28.5446 77.1917
28.5447 77.1917
28.5449 77.1916
28.5448 77.1912
28.5443 77.1897
28.5458 77.1927
28.5499 77.185
28.5493 77.185
28.5503 77.1839
28.546 77.1794
28.5489 77.1858
28.5449 77.1953
28.5446 77.1968
28.5457 77.1966
28.5436 77.1971
28.5454 77.1923
28.5448 77.1924
28.54 77.1935
28.5538 77.1944
28.5551 77.1946
28.5551 77.1946
28.5551 77.1945
28.619 77.0866
28.5923 77.0407
28.597 77.0336
28.6022 77.026
28.6193 77.0333
28.6203 77.0451
28.6217 77.0557
28.6248 77.0653
28.5963 77.0292
28.6077 77.035
28.6137 77.0331
28.619 77.0295
28.5986 77.0687
28.5971 77.0742
28.5965 77.0494
28.5949 77.0209
28.5975 77.057
28.6017 77.049
28.6042 77.0292
28.5926 77.0268
28.6125 76.9863
28.6173 77.0105
28.5964 76.9687
28.5944 76.9924
28.6163 77.0018
28.6175 77.0069
28.6204 76.9741
28.6183 76.9744
28.6159 76.9658
28.6259 76.9671
28.617 76.9763
28.6206 76.9665
28.6197 76.9761
28.6168 76.9747
28.6179 76.9768
28.6148 76.9727
28.6165 76.9697
28.6165 76.9786
28.6189 76.9822
28.6168 76.9812
28.6204 76.9826
28.6142 76.9801
28.6116 76.9713
28.6138 76.9786
28.6007 77.0366
28.5994 77.0242
28.6076 77.0168
28.6145 76.9845
28.613 76.9845
28.613 76.9844
28.613 76.9854
28.6102 76.9832
28.6151 77.0122
28.6103 76.9831
28.5922 76.9896
28.5923 76.9917
28.5924 76.9881
28.5967 76.9917
28.592 76.9962
28.5948 76.9901
28.6022 76.9872
28.6036 76.9879
28.5962 76.9763
28.5968 77.0017
28.6046 76.9794
28.5992 76.9912
28.6003 76.9874
28.5967 76.989
28.5922 76.9824
28.6063 76.9864
28.6047 76.9843
28.6082 76.9845
28.6082 76.9871
28.6106 76.9904
28.6043 76.9973
28.6066 76.9942
28.6133 76.9923
28.615 76.9925
28.618 76.991
28.6205 76.9904
28.6237 76.9852
28.5949 77.0178
28.6245 77.069
28.6158 77.0852
28.6064 76.971
28.616 76.9847
28.5963 76.98
28.6142 77.0052
28.6085 77.0286
28.6108 77.0297
28.6133 77.0259
28.6177 77.0308
28.6185 77.0278
28.6174 77.0337
28.6158 77.0303
28.6128 77.0318
28.6216 77.0759
28.6216 77.0407
28.5622 77.2476
28.5338 77.2425
28.55 77.2509
28.55 77.2511
28.55 77.2512
28.5499 77.2511
28.5502 77.2519
28.5596 77.2655
28.5444 77.2643
28.5495 77.2591
28.5352 77.2638
28.5336 77.2692
28.5514 77.2517
28.5603 77.2667
28.5624 77.2687
28.5629 77.2686
28.5627 77.2681
28.5619 77.2683
28.5367 77.2493
28.5255 77.2542
28.5431 77.27
28.5632 77.2647
28.5514 77.2588
28.5499 77.2589
28.5487 77.2518
28.551 77.2711
28.5502 77.268
28.5292 77.2499
28.5285 77.2557
28.5385 77.2496
28.529 77.251
28.5299 77.2559
28.5401 77.2644
28.5634 77.2601
28.5515 77.2694
28.5488 77.2714
28.5548 77.2495
28.546 77.2515
28.5544 77.2647
28.5503 77.257
28.5536 77.2599
28.5385 77.2628
28.5582 77.2503
28.5175 77.2682
28.5552 77.2644
28.5502 77.2517
28.5279 77.2503
28.5281 77.2516
28.5281 77.2497
28.5287 77.2499
28.532 77.2508
28.532 77.2509
28.537 77.253
28.5372 77.2531
28.5372 77.2531
28.5403 77.2484
28.5369 77.2533
28.5298 77.2538
28.5299 77.25
28.5333 77.243
28.5335 77.2434
28.5326 77.2431
28.5341 77.2427
28.5359 77.258
28.5359 77.2579
28.5435 77.248
28.5527 77.2685
28.5568 77.2533
28.5534 77.244
28.5487 77.252
28.5403 77.2622
28.5498 77.2607
28.5442 77.266
28.5544 77.2686
28.6284 77.2717
28.6336 77.2467
28.6403 77.2447
28.6406 77.2495
28.6428 77.2503
28.6441 77.2489
28.6235 77.2425
28.6256 77.2342
28.6206 77.2495
28.6232 77.2678
28.6448 77.2442
28.6312 77.2273
28.6413 77.236
28.6284 77.2474
28.6257 77.2407
28.6423 77.2327
28.6412 77.2406
28.6214 77.2263
28.6359 77.241
28.6214 77.224
28.6258 77.2249
28.6297 77.2321
28.6295 77.2319
28.6275 77.238
28.6294 77.2411
28.6269 77.2427
28.6462 77.24
28.6448 77.2442
28.6255 77.2342
28.6454 77.2316
28.6457 77.222
28.6461 77.243
28.6419 77.2412
28.6464 77.245
28.6392 77.2408
28.64 77.2293
28.6311 77.2403
28.6285 77.2407
28.6304 77.2417
28.6291 77.24
28.6415 77.2414
28.6335 77.237
28.6329 77.2366
28.6454 77.2251
28.6267 77.2313
28.6296 77.2323
28.6292 77.2323
28.6294 77.232
28.6427 77.2233
28.6281 77.2416
28.6409 77.2387
28.6258 77.2342
28.6308 77.2244
28.634 77.2227
28.6339 77.2228
28.6296 77.2244
28.636 77.2251
28.6237 77.2327
28.9687 77.7307
28.8321 77.5771
28.9612 77.4795
28.9167 77.6833
28.8858 77.622
28.9067 77.6705
28.968 77.729
28.9529 77.7315
28.9673 77.7292
28.8282 77.5722
28.953 77.7302
28.9529 77.7316
28.9505 77.7279
28.9553 77.732
28.8205 77.6509
28.8313 77.6425
28.8383 77.6188
28.8358 77.6056
28.8425 77.6027
28.8238 77.6176
28.8223 77.5837
28.8232 77.5745
28.8233 77.5697
28.8309 77.5764
28.8438 77.5785
28.8408 77.5753
28.8367 77.5749
28.8351 77.5721
28.8427 77.5641
28.8551 77.5568
28.837 77.5682
28.832 77.5688
28.8295 77.5635
28.826 77.5635
28.8229 77.5593
28.8229 77.564
28.8202 77.558
28.8181 77.5535
28.8198 77.549
28.9529 77.7316
28.9529 77.7315
28.9612 77.7316
28.9612 77.732
28.6388 77.4074
28.6531 77.4281
28.6395 77.425
28.6667 77.6667
28.6919 77.5529
28.6698 77.4164
28.7124 77.6684
28.6729 77.4347
28.6719 77.4366
28.6338 77.4458
28.6712 77.412
28.6915 77.4475
28.6929 77.4485
28.684 77.4785
28.6765 77.4642
28.6765 77.4643
28.6781 77.466
28.6772 77.4668
28.678 77.4648
28.6723 77.4337
28.6725 77.4325
28.6746 77.4291
28.673 77.4322
28.673 77.4322
28.6567 77.4328
28.6732 77.4343
28.6735 77.4343
28.6441 77.4206
28.657 77.421
28.6592 77.4182
28.647 77.4203
28.6506 77.416
28.6445 77.4097
28.6416 77.4096
28.6418 77.4163
28.6405 77.4113
28.6474 77.4156
28.6411 77.423
28.6401 77.4287
28.6427 77.4335
28.639 77.44
28.6324 77.4176
28.6358 77.4142
28.6364 77.4228
28.6336 77.4389
28.6314 77.4477
28.642 77.4474
28.6441 77.4554
28.6314 77.4709
28.6334 77.4737
28.6253 77.4714
28.6213 77.4753
28.6293 77.4919
28.6321 77.4904
28.7143 77.6549
28.7107 77.6625
28.707 77.6622
28.7146 77.6651
28.7056 77.6499
28.7119 77.6555
28.7156 77.659
28.7185 77.6578
28.7244 77.6561
28.7338 77.6469
28.7365 77.634
28.728 77.6337
28.7161 77.6519
28.7109 77.6425
28.6992 77.6289
28.696 77.6332
28.7038 77.674
28.7014 77.6706
28.7111 77.6971
28.6999 77.7084
28.6961 77.7236
28.7202 77.7147
28.7196 77.6769
28.7298 77.5981
28.73 77.704
28.7305 77.4764
28.7253 77.4535
28.705 77.4409
28.6944 77.4366
28.7335 77.5117
28.7067 77.4633
28.7096 77.4541
28.7036 77.4333
28.6886 77.4302
28.6872 77.4268
28.6842 77.4254
28.6791 77.417
28.6786 77.4241
28.676 77.4229
28.6706 77.4196
28.6647 77.4581
28.5286 76.8794
28.53 76.9852
28.5279 77.0211
28.5292 77.1541
28.5291 77.2195
28.5283 77.2167
28.5294 77.2206
28.5291 77.2049
28.5283 77.2202
28.5287 77.2204
28.5297 77.2454
28.5278 77.2205
28.5277 76.9541
28.5326 76.9256
28.53 77.1517
28.5311 77.2186
28.5287 77.025
28.5304 77.2021
28.5285 77.2473
28.5294 77.2222
28.5292 77.2118
28.5323 77.1544
28.5318 77.1516
28.5275 77.1625
28.5289 77.1564
28.5304 77.1573
28.5289 77.1459
28.5322 77.1474
28.5318 77.2236
28.5276 77.2469
28.5276 77.247
28.5277 77.2468
28.5323 77.2428
28.5324 77.2428
28.5324 77.2429
28.5277 77.2471
28.5307 77.2459
28.5308 77.2456
28.5305 77.1467
28.5281 77.2489
28.5281 77.2485
28.5287 77.2126
28.5301 77.2195
28.5323 77.2428
28.5324 77.2428
28.5324 77.248
28.5701 77.2432
28.5481 77.2466
28.5667 77.2353
28.5663 77.2341
28.5706 77.2364
28.5645 77.2343
28.5673 77.2282
28.5553 77.242
28.5513 77.236
28.5591 77.246
28.5531 77.243
28.5493 77.2429
28.5534 77.2444
28.5481 77.2313
28.5504 77.2329
28.5514 77.2315
28.5565 77.2329
28.5566 77.2333
28.557 77.2328
28.5502 77.2353
28.5509 77.2342
28.5499 77.2354
28.5497 77.2364
28.5498 77.2365
28.5498 77.2365
28.5566 77.2336
28.5594 77.2277
28.5622 77.2265
28.5574 77.2263
28.5679 77.2405
28.5641 77.2373
28.5615 77.2431
28.5612 77.2398
28.5608 77.23
28.5646 77.2281
28.5573 77.2378
28.5544 77.2339
28.5608 77.2346
28.5582 77.2371
28.5642 77.2454
28.5419 77.2385
28.5629 77.235
28.5399 77.2403
28.5398 77.2404
28.5502 77.2393
28.553 77.2411
28.5552 77.2423
28.5415 77.2401
28.5414 77.2401
28.5416 77.2401
28.5388 77.2402
28.5604 77.2296
28.5484 77.2418
28.5556 77.2288
28.4758 77.2957
28.5409 77.2927
28.5381 77.2832
28.5286 77.2883
28.539 77.2783
28.5431 77.2756
28.5366 77.2846
28.5408 77.2835
28.5425 77.2976
28.5426 77.2974
28.5432 77.3019
28.5455 77.3058
28.5481 77.2932
28.5468 77.2922
28.5494 77.2907
28.5465 77.2925
28.5481 77.293
28.5464 77.2956
28.5484 77.2931
28.5482 77.2941
28.5461 77.2925
28.5469 77.292
28.5489 77.2921
28.5498 77.2935
28.5471 77.2905
28.5493 77.2922
28.4925 77.2923
28.5461 77.2752
28.5458 77.2966
28.5256 77.2896
28.6036 77.3755
28.6391 77.3783
28.6182 77.3797
28.6338 77.3697
28.61 77.373
28.6372 77.376
28.6369 77.376
28.6378 77.3783
28.6339 77.3702
28.6297 77.3729
28.6292 77.3714
28.6388 77.3676
28.6626 77.3727
28.6407 77.3782
28.6419 77.3791
28.639 77.3785
28.6447 77.3756
28.6457 77.3801
28.6475 77.3764
28.642 77.3781
28.6379 77.3604
28.634 77.3693
28.6418 77.3793
28.6418 77.3794
28.6425 77.3837
28.6461 77.36
28.6456 77.3601
28.6347 77.3648
28.6384 77.3653
28.6275 77.3843
28.6274 77.3848
28.6268 77.3828
28.6261 77.382
28.6357 77.3745
28.6341 77.3703
28.6379 77.3758
28.6151 77.3716
28.6186 77.3725
28.6409 77.384
28.6419 77.3833
28.6426 77.3795
28.6371 77.3684
28.6363 77.3669
28.6158 77.3782
28.6127 77.3774
28.6424 77.3685
28.6062 77.3759
28.6048 77.3766
28.6413 77.3783
28.6397 77.3782
28.6405 77.3758
28.6392 77.362
28.6392 77.3758
28.6387 77.3622
28.6392 77.3616
28.6392 77.3621
28.6419 77.3745
28.6199 77.3732
28.6526 77.3714
28.6349 77.3619
28.6353 77.3611
28.6346 77.3624
28.649 77.3679
28.6387 77.3604
28.6393 77.3609
28.6393 77.3606
28.6337 77.4022
28.6278 77.4097
28.6312 77.4065
28.6247 77.4184
28.6288 77.4164
28.6301 77.4219
28.6654 77.4149
28.6195 77.3705
28.6245 77.3592
28.6186 77.36
28.6288 77.3556
28.6185 77.3608
28.6395 77.3734
28.6171 77.3736
28.6281 77.3552
28.6836 77.0914
28.6794 77.0949
28.6366 77.0973
28.6566 77.1122
28.6797 77.0944
28.6797 77.0948
28.6794 77.0944
28.633 77.0867
28.6176 77.086
28.6214 77.0923
28.6216 77.0936
28.62 77.0886
28.6507 77.1206
28.6281 77.1122
28.6423 77.1065
28.6425 77.1065
28.651 77.1206
28.6239 77.1017
28.6301 77.094
28.6386 77.102
28.6757 77.1123
28.6676 77.0875
28.6679 77.0876
28.6811 77.0808
28.6098 77.1007
28.6097 77.0998
28.5933 77.1207
28.6219 77.0875
28.6795 77.0946
28.6789 77.0973
28.6786 77.0997
28.6788 77.0981
28.6785 77.1005
28.6782 77.1003
28.6786 77.1003
28.6785 77.1001
28.6776 77.1002
28.6779 77.1014
28.6775 77.1011
28.6773 77.1042
28.6785 77.1054
28.6779 77.1058
28.676 77.103
28.676 77.1073
28.6763 77.1059
28.6757 77.1067
28.6757 77.1043
28.675 77.1059
28.6746 77.1069
28.6774 77.1092
28.6769 77.1119
28.6682 77.0863
28.6459 77.0823
28.6351 77.0883
28.6399 77.084
28.636 77.0836
28.6385 77.0828
28.636 77.1018
28.6354 77.0958
28.6187 77.1183
28.6392 77.1048
28.6518 77.1151
28.6019 77.0824
28.6493 77.0867
28.6461 77.0867
28.647 77.0912
28.6473 77.0888
28.6493 77.0895
28.6595 77.0892
28.5916 77.1153
28.592 77.1156
28.5918 77.116
28.5916 77.1164
28.5924 77.1159
28.592 77.1167
28.5925 77.1168
28.5744 77.1172
28.6329 77.0854
28.6328 77.0867
28.6626 77.0915
28.6613 77.0912
28.6611 77.0893
28.6613 77.0882
28.6633 77.0867
28.6514 77.0883
28.683 76.9695
28.6675 76.9791
28.6723 76.9984
28.6671 77.0192
28.6804 77.0304
28.6632 77.0135
28.6632 77.0115
28.6767 77.0533
28.6809 77.0701
28.6811 77.0684
28.6813 77.0696
